version https://git-lfs.github.com/spec/v1
oid sha256:e16d477badadb8585b50cf97ca28d7d4ce300f4a0f979cbcf3b046b5e1da2a5c
size 1424
