version https://git-lfs.github.com/spec/v1
oid sha256:5d94fe609c3945bc22e1bae95597c202b370869be70cf2e317a9214aff2dd478
size 548
