version https://git-lfs.github.com/spec/v1
oid sha256:8591926cbc5489db53fe62bf7b4ad013e1f917912677efe39f86010ca782b077
size 10860
