version https://git-lfs.github.com/spec/v1
oid sha256:f3ec534aaaf040fa0ab81bed35b47b0e22f72038c587ee4609c04542819d8d8a
size 413
