security,sector,industry,itm_threshold,unusual_baseline,trade_value_category,num_trades_over_baseline,num_trades_total,final_cluster,trade_volume_bin,trade_volume_bin_rank,cluster,p90_trade_value,p95_trade_value,p99_trade_value,p999_trade_value,p9999_trade_value,p99999_trade_value,p999999_trade_value
A,Medical,Medical - Products,0.55,195000.0,5. p99_trade_value,6.0,585,30__2,30,2,2.0,17500.0,30696.0,144761.28,306042.05,352716.9,357384.39,357851.14
ABBV,Medical,Large Cap Pharmaceuticals,0.55,8400.0,8. p75_trade_value,1790.0,7156,40__0,40,2,0.0,15492.0,24428.25,71862.5,324134.31,1247121.0,1258712.1,1259871.21
ABCL,Medical,Medical - Biomedical and Genetics,0.55,,,,3,5__0,5,3,0.0,6088.0,6419.0,6683.8,6743.38,6749.34,6749.93,6749.99
ABEO,Medical,Medical - Biomedical and Genetics,0.55,7200.0,8. p75_trade_value,11.0,42,15__0,15,3,0.0,11870.0,14520.0,24242.72,27271.47,27574.35,27604.63,27607.66
ABSI,Medical,Medical - Biomedical and Genetics,0.55,,,,42,15__0,15,3,0.0,7436.0,7956.0,13971.24,16752.02,17030.1,17057.91,17060.69
ABT,Medical,Medical - Products,0.55,458000.0,1. p999999_trade_value,1.0,2262,35__0,35,2,0.0,13985.1,21399.5,70829.41,397716.17,451669.2,457366.92,457936.69
ABUS,Medical,Medical - Biomedical and Genetics,0.55,,,,3,5__0,5,3,0.0,5940.0,6135.0,6291.0,6326.1,6329.61,6329.96,6330.0
ACAD,Medical,Medical - Biomedical and Genetics,0.55,152750.0,1. p999999_trade_value,1.0,93,20__0,20,2,0.0,10728.0,27958.0,141940.0,151669.0,152641.9,152739.19,152748.92
ACB,Medical,Medical - Products,0.55,,,,45,15__0,15,3,0.0,12704.2,19196.0,21784.72,22957.67,23074.97,23086.7,23087.87
ACHC,Medical,Medical - Hospital,0.55,,,,178,25__0,25,2,0.0,16824.4,34262.0,101304.4,193904.16,198670.42,199147.04,199194.7
ACLX,Medical,Medical - Biomedical and Genetics,0.55,,,,223,25__2,25,2,2.0,42860.0,168000.0,240000.0,448940.0,494894.0,499489.4,499948.94
ACRS,Medical,Medical - Drugs,0.55,,,,4,5__0,5,3,0.0,4640.0,4820.0,4964.0,4996.4,4999.64,4999.96,5000.0
ADCT,Medical,Medical - Biomedical and Genetics,0.55,,,,1,0__2,0,3,2.0,4500.0,4500.0,4500.0,4500.0,4500.0,4500.0,4500.0
ADMA,Medical,Medical - Biomedical and Genetics,0.55,396795.0,5. p99_trade_value,4.0,313,25__2,25,2,2.0,21000.0,50000.0,388766.4,660559.58,668574.46,669375.95,669456.09
ADUS,Medical,Medical - Outpatient and Home Healthcare,0.55,,,,39,15__0,15,3,0.0,8896.0,11463.0,19650.0,22215.0,22471.5,22497.15,22499.71
AGEN,Medical,Medical - Biomedical and Genetics,0.55,14700.0,1. p999999_trade_value,1.0,45,15__0,15,3,0.0,7735.2,10144.0,13952.0,14625.2,14692.52,14699.25,14699.93
AGIO,Medical,Medical - Biomedical and Genetics,0.55,100000.0,1. p999999_trade_value,1.0,28,15__0,15,3,0.0,40000.0,52350.0,88930.0,98893.0,99889.3,99988.93,99998.89
AGL,Medical,Medical Services,0.55,13894.999999999998,8. p75_trade_value,3.0,11,10__0,10,3,0.0,17990.0,38995.0,55799.0,59579.9,59957.99,59995.8,59999.58
AHCO,Medical,Medical - Products,0.55,,,,5,5__0,5,3,0.0,13076.0,13468.0,13781.6,13852.16,13859.22,13859.92,13859.99
AKBA,Medical,Medical - Drugs,0.55,3500.0,1. p999999_trade_value,1.0,1,0__2,0,3,2.0,3500.0,3500.0,3500.0,3500.0,3500.0,3500.0,3500.0
AKRO,Medical,Medical - Biomedical and Genetics,0.55,683530.0,1. p999999_trade_value,1.0,395,25__0,25,2,0.0,17113.6,20500.0,46367.2,463006.62,661477.66,681324.77,683309.48
ALC,Medical,Medical - Instruments,0.55,95000.0,6. p95_trade_value,13.0,252,25__2,25,2,2.0,42860.5,87300.0,221115.0,337051.3,342405.13,342940.51,342994.05
ALDX,Medical,Medical - Drugs,0.55,,,,37,15__0,15,3,0.0,14820.0,16005.0,39623.08,50152.11,51205.01,51310.3,51320.83
ALEC,Medical,Medical - Biomedical and Genetics,0.55,,,,24,15__0,15,3,0.0,7550.0,9568.25,48464.35,58846.44,59884.64,59988.46,59998.85
ALGN,Medical,Medical - Dental Supplies,0.55,,,,1815,35__0,35,2,0.0,15507.6,23992.5,65006.04,266770.32,603622.73,667862.27,674286.23
ALGS,Medical,Medical - Biomedical and Genetics,0.55,,,,1,0__2,0,3,2.0,3400.0,3400.0,3400.0,3400.0,3400.0,3400.0,3400.0
ALHC,Medical,Medical Services,0.55,160310.0,6. p95_trade_value,4.0,70,20__1,20,2,1.0,136085.6,157247.3,266164.6,434244.46,451052.45,452733.24,452901.32
ALKS,Medical,Medical - Biomedical and Genetics,0.55,22500.0,8. p75_trade_value,13.0,49,15__0,15,3,0.0,40414.4,90896.0,129584.0,137446.4,138232.64,138311.26,138319.13
ALLO,Medical,Medical - Biomedical and Genetics,0.55,13860.0,8. p75_trade_value,3.0,10,10__0,10,3,0.0,16963.8,19941.9,22324.38,22860.44,22914.04,22919.4,22919.94
ALNY,Medical,Medical - Biomedical and Genetics,0.55,,,,1086,30__0,30,2,0.0,17515.5,30474.0,93454.65,518925.0,1094501.25,1154800.13,1160830.01
ALT,Medical,Medical - Drugs,0.55,44800.0,5. p99_trade_value,6.0,598,30__2,30,2,2.0,12248.0,17248.0,41890.0,270206.7,457670.67,476417.07,478291.71
ALUR,Medical,Medical - Products,0.55,4800.0,1. p999999_trade_value,1.0,2,5__0,5,3,0.0,4770.0,4785.0,4797.0,4799.7,4799.97,4800.0,4800.0
ALXO,Medical,Medical - Biomedical and Genetics,0.55,,,,4,5__0,5,3,0.0,4975.0,4975.0,4975.0,4975.0,4975.0,4975.0,4975.0
AMED,Medical,Medical - Outpatient and Home Healthcare,0.55,,,,30,15__0,15,3,0.0,45500.0,63750.0,75000.0,75000.0,75000.0,75000.0,75000.0
AMGN,Medical,Medical - Biomedical and Genetics,0.55,,,,8313,40__0,40,2,0.0,16956.0,26578.4,79387.2,433668.0,963091.98,1246245.5,1274560.85
AMLX,Medical,Medical - Drugs,0.55,4550.0,1. p999999_trade_value,1.0,2,5__0,5,3,0.0,4427.5,4488.75,4537.75,4548.77,4549.88,4549.99,4550.0
AMN,Medical,Medical Services,0.55,,,,52,15__0,15,3,0.0,11094.0,16799.4,30192.19,36724.22,37377.42,37442.74,37449.27
AMRN,Medical,Medical - Biomedical and Genetics,0.55,8625.0,1. p999999_trade_value,1.0,3,5__0,5,3,0.0,7716.0,8170.5,8534.1,8615.91,8624.09,8624.91,8624.99
AMRX,Medical,Medical - Drugs,0.55,,,,15,10__2,10,3,2.0,13187.0,44016.0,91375.2,102031.02,103096.6,103203.16,103213.82
AMWL,Medical,Medical Info Systems,0.55,,,,1,0__2,0,3,2.0,5750.0,5750.0,5750.0,5750.0,5750.0,5750.0,5750.0
ANAB,Medical,Medical - Biomedical and Genetics,0.55,202390.0,5. p99_trade_value,4.0,302,25__2,25,2,2.0,29708.0,45091.5,202245.95,695970.0,704097.0,704909.7,704990.97
ANIK,Medical,Medical - Biomedical and Genetics,0.55,,,,4,5__0,5,3,0.0,6736.0,7108.0,7405.6,7472.56,7479.26,7479.93,7479.99
ANIP,Medical,Medical - Biomedical and Genetics,0.55,,,,2,5__0,5,3,0.0,4227.0,4228.5,4229.7,4229.97,4230.0,4230.0,4230.0
ANNX,Medical,Medical - Biomedical and Genetics,0.55,,,,9,10__0,10,3,0.0,8488.0,11624.0,14132.8,14697.28,14753.73,14759.37,14759.94
ANRO,Medical,Medical - Biomedical and Genetics,0.55,12540.0,7. p90_trade_value,6.0,68,20__0,20,2,0.0,11500.0,15358.0,136650.0,199965.0,206296.5,206929.65,206992.96
ANVS,Medical,Medical - Biomedical and Genetics,0.55,,,,16,10__0,10,3,0.0,10225.0,11337.5,13467.5,13946.75,13994.68,13999.47,13999.95
APGE,Medical,Medical - Biomedical and Genetics,0.55,,,,51,15__0,15,3,0.0,16520.0,35560.0,183000.0,201900.0,203790.0,203979.0,203997.9
APLS,Medical,Medical - Biomedical and Genetics,0.55,,,,288,25__0,25,2,0.0,13581.5,22925.0,76300.0,455489.58,468346.46,469632.15,469760.71
APLT,Medical,Medical - Biomedical and Genetics,0.55,525000.0,1. p999999_trade_value,1.0,201,25__2,25,2,2.0,21250.0,40800.0,200000.0,501000.0,522600.0,524760.0,524976.0
AQST,Medical,Medical - Drugs,0.55,,,,7,10__0,10,3,0.0,7208.0,8114.0,8838.8,9001.88,9018.19,9019.82,9019.98
ARCT,Medical,Medical - Biomedical and Genetics,0.55,,,,31,15__0,15,3,0.0,9000.0,10250.0,18364.0,21204.4,21488.44,21516.84,21519.68
ARDT,Medical,Medical Services,0.55,,,,6,10__0,10,3,0.0,30855.0,32332.5,33514.5,33780.45,33807.05,33809.7,33809.97
ARDX,Medical,Medical - Drugs,0.55,6250.0,8. p75_trade_value,22.0,72,20__0,20,2,0.0,11319.0,14901.0,25441.96,26415.8,26513.18,26522.92,26523.89
ARGX,Medical,Medical - Biomedical and Genetics,0.55,14500.0,7. p90_trade_value,67.0,669,30__0,30,2,0.0,14292.0,19500.0,53144.0,670944.0,1147094.4,1194709.44,1199470.94
ARQT,Medical,Medical - Biomedical and Genetics,0.55,,,,127,20__3,20,2,3.0,75000.0,102825.0,284700.0,320905.0,324590.5,324959.05,324995.9
ARVN,Medical,Medical - Biomedical and Genetics,0.55,503470.00000000006,1. p999999_trade_value,1.0,338,25__2,25,2,2.0,66500.0,148950.0,333533.0,495560.61,502679.06,503390.91,503462.09
ARWR,Medical,Medical - Biomedical and Genetics,0.55,54329.99999999999,1. p999999_trade_value,1.0,37,15__0,15,3,0.0,15684.0,20500.0,42871.2,53184.12,54215.41,54318.54,54328.85
ASND,Medical,Medical - Biomedical and Genetics,0.55,,,,120,20__3,20,2,3.0,32370.8,57064.5,141383.5,558828.43,609382.84,614438.28,614943.83
ASTH,Medical,Medical - Outpatient and Home Healthcare,0.55,940320.0000000001,6. p95_trade_value,2.0,23,15__2,15,3,2.0,373171.0,891248.0,1358166.0,1464234.6,1474841.46,1475902.15,1476008.21
ATAI,Medical,Medical - Outpatient and Home Healthcare,0.55,7950.0,8. p75_trade_value,5.0,19,15__0,15,3,0.0,22533.6,36868.2,65669.64,72149.96,72798.0,72862.8,72869.28
ATEC,Medical,Medical - Instruments,0.55,15750.0,8. p75_trade_value,18.0,70,20__3,20,2,3.0,39000.0,55975.0,165901.5,181830.15,183423.01,183582.3,183598.23
ATHA,Medical,Medical - Biomedical and Genetics,0.55,5100.0,8. p75_trade_value,3.0,11,10__0,10,3,0.0,5625.0,10282.5,14008.5,14846.85,14930.69,14939.07,14939.91
ATRC,Medical,Medical - Products,0.55,5200.0,1. p999999_trade_value,1.0,1,0__2,0,3,2.0,5200.0,5200.0,5200.0,5200.0,5200.0,5200.0,5200.0
ATXS,Medical,Medical - Biomedical and Genetics,0.55,5100.0,1. p999999_trade_value,1.0,1,0__2,0,3,2.0,5100.0,5100.0,5100.0,5100.0,5100.0,5100.0,5100.0
ATYR,Medical,Medical - Biomedical and Genetics,0.55,,,,8,10__0,10,3,0.0,13062.5,14331.25,15346.25,15574.63,15597.46,15599.75,15599.97
AUPH,Medical,Medical - Drugs,0.55,,,,28,15__0,15,3,0.0,10545.0,11852.5,12500.0,12500.0,12500.0,12500.0,12500.0
AURA,Medical,Medical - Biomedical and Genetics,0.55,,,,6,10__0,10,3,0.0,8557.5,9528.75,10305.75,10480.58,10498.06,10499.81,10499.98
AUTL,Medical,Medical - Biomedical and Genetics,0.55,8070.0,1. p999999_trade_value,1.0,4,5__0,5,3,0.0,7713.0,7891.5,8034.3,8066.43,8069.64,8069.96,8070.0
AVDL,Medical,Medical - Drugs,0.55,74250.00000000001,1. p999999_trade_value,1.0,104,20__0,20,2,0.0,10396.2,18709.5,27489.0,69433.62,73768.36,74201.84,74245.18
AVNS,Medical,Medical - Instruments,0.55,6500.0,1. p999999_trade_value,1.0,3,5__0,5,3,0.0,6380.0,6440.0,6488.0,6498.8,6499.88,6499.99,6500.0
AVTR,Medical,Medical Services,0.55,429795.0,1. p999999_trade_value,1.0,196,25__2,25,2,2.0,20405.0,66730.0,242484.0,405362.48,427351.75,429550.67,429770.57
AVXL,Medical,Medical - Biomedical and Genetics,0.55,,,,137,20__0,20,2,0.0,10312.0,15392.0,40356.4,190447.6,210294.76,212279.48,212477.95
AXGN,Medical,Medical - Instruments,0.55,,,,11,10__0,10,3,0.0,9320.0,10460.0,11372.0,11577.2,11597.72,11599.77,11599.98
AXSM,Medical,Medical - Biomedical and Genetics,0.55,960000.0,1. p999999_trade_value,1.0,984,30__0,30,2,0.0,19410.0,33394.0,219180.0,733910.0,937391.0,957739.1,959773.91
AZN,Medical,Medical - Biomedical and Genetics,0.55,804004.0,1. p999999_trade_value,1.0,1265,30__0,30,2,0.0,15562.8,42528.0,151440.0,646288.0,787255.49,802329.15,803836.51
AZTA,Medical,Medical Info Systems,0.55,12665.0,8. p75_trade_value,2.0,8,10__2,10,3,2.0,86865.5,173432.75,242686.55,258268.66,259826.87,259982.69,259998.27
BAX,Medical,Medical - Products,0.55,,,,336,25__0,25,2,0.0,20000.0,38166.25,133000.0,257238.8,291223.88,294622.39,294962.24
BBIO,Medical,Medical - Generic Drugs,0.55,,,,484,25__0,25,2,0.0,17425.0,27510.0,97389.83,175850.0,197585.0,199758.5,199975.85
BCAB,Medical,Medical - Biomedical and Genetics,0.55,6075.0,1. p999999_trade_value,1.0,7,10__0,10,3,0.0,5982.0,6028.5,6065.7,6074.07,6074.91,6074.99,6075.0
BCAX,Medical,Medical - Biomedical and Genetics,0.55,,,,2,5__0,5,3,0.0,3885.0,3917.5,3943.5,3949.35,3949.94,3949.99,3950.0
BCRX,Medical,Medical - Drugs,0.55,,,,24,15__0,15,3,0.0,7764.2,9691.9,15813.5,17376.35,17532.64,17548.26,17549.83
BCYC,Medical,Medical - Biomedical and Genetics,0.55,,,,17,10__0,10,3,0.0,39848.0,53726.0,65265.2,67861.52,68121.15,68147.12,68149.71
BDSX,Medical,Medical Services,0.55,,,,7,10__0,10,3,0.0,9960.0,10680.0,11256.0,11385.6,11398.56,11399.86,11399.99
BDTX,Medical,Medical - Biomedical and Genetics,0.55,,,,39,15__0,15,3,0.0,10324.4,18190.0,50888.0,58548.8,59314.88,59391.49,59399.15
BDX,Medical,Medical - Dental Supplies,0.55,821520.0000000001,1. p999999_trade_value,1.0,574,30__0,30,2,0.0,14204.0,30476.0,243734.9,619812.54,801349.25,819502.93,821318.29
BEAM,Medical,Medical - Biomedical and Genetics,0.55,15200.0,6. p95_trade_value,7.0,125,20__0,20,2,0.0,11350.0,15160.0,30019.2,33963.6,34086.36,34098.64,34099.86
BFLY,Medical,Medical Info Systems,0.55,13000.0,1. p999999_trade_value,1.0,4,5__0,5,3,0.0,10564.0,11782.0,12756.4,12975.64,12997.56,12999.76,12999.98
BHC,Medical,Medical - Generic Drugs,0.55,,,,87,20__3,20,2,3.0,10887.0,17051.3,305402.88,335273.09,338260.11,338558.81,338588.68
BHVN,Medical,Medical - Biomedical and Genetics,0.55,,,,472,25__2,25,2,2.0,19477.0,51082.0,213586.3,400118.48,525219.85,537729.98,538981.0
BIIB,Medical,Medical - Biomedical and Genetics,0.55,,,,737,30__2,30,2,2.0,13210.0,17759.0,48035.28,118124.16,132988.42,134474.84,134623.48
BIO,Medical,Medical - Products,0.55,101250.0,6. p95_trade_value,2.0,32,15__0,15,3,0.0,41775.0,78562.5,123157.5,132015.75,132901.58,132990.16,132999.02
BKD,Medical,Medical - Nursing Homes,0.55,4000.0,1. p999999_trade_value,1.0,1,0__2,0,3,2.0,4000.0,4000.0,4000.0,4000.0,4000.0,4000.0,4000.0
BLCO,Medical,Medical Services,0.55,,,,28,15__0,15,3,0.0,16142.5,21978.75,25760.76,26346.88,26405.49,26411.35,26411.93
BLFS,Medical,Medical - Products,0.55,,,,3,5__3,5,3,3.0,14144.0,14992.0,15670.4,15823.04,15838.3,15839.83,15839.98
BLRX,Medical,Medical - Drugs,0.55,3730.0000000000005,1. p999999_trade_value,1.0,2,5__0,5,3,0.0,3703.5,3716.75,3727.35,3729.74,3729.97,3730.0,3730.0
BMEA,Medical,Medical - Biomedical and Genetics,0.55,,,,81,20__0,20,2,0.0,10000.0,14925.0,59400.0,78840.0,80784.0,80978.4,80997.84
BMRA,Medical,Medical - Drugs,0.55,,,,2,5__0,5,3,0.0,4839.0,4899.5,4947.9,4958.79,4959.88,4959.99,4960.0
BMRN,Medical,Medical - Biomedical and Genetics,0.55,102000.0,5. p99_trade_value,3.0,241,25__0,25,2,0.0,20580.0,54075.0,101284.0,163650.0,173100.0,174045.0,174139.5
BMY,Medical,Medical - Biomedical and Genetics,0.55,7984.0,8. p75_trade_value,656.0,2621,35__0,35,2,0.0,14756.0,25500.0,97440.0,326400.0,660712.46,759071.25,768907.12
BNGO,Medical,Medical - Biomedical and Genetics,0.55,,,,2,5__0,5,3,0.0,3686.5,3718.25,3743.65,3749.37,3749.94,3749.99,3750.0
BNTX,Medical,Medical - Biomedical and Genetics,0.55,,,,1315,30__2,30,2,2.0,18774.0,28161.0,75720.0,122744.0,197266.41,207241.64,208239.16
BPMC,Medical,Medical - Biomedical and Genetics,0.55,107414.99999999999,5. p99_trade_value,6.0,597,30__1,30,2,1.0,17972.0,36582.0,106536.6,1034368.0,2049236.8,2150723.68,2160872.37
BSX,Medical,Medical - Products,0.55,,,,2167,35__1,35,2,1.0,19244.0,36000.0,145549.44,510614.4,552419.0,559241.9,559924.19
BTAI,Medical,Medical - Biomedical and Genetics,0.55,,,,1,0__2,0,3,2.0,6500.0,6500.0,6500.0,6500.0,6500.0,6500.0,6500.0
BTSG,Medical,Medical Services,0.55,49500.0,8. p75_trade_value,2.0,8,10__0,10,3,0.0,51150.0,53075.0,54615.0,54961.5,54996.15,54999.62,54999.96
BVS,Medical,Medical - Drugs,0.55,,,,2,5__0,5,3,0.0,5229.0,5309.5,5373.9,5388.39,5389.84,5389.98,5390.0
CABA,Medical,Medical - Biomedical and Genetics,0.55,,,,92,20__0,20,2,0.0,9960.0,14817.75,27810.0,35181.0,35918.1,35991.81,35999.18
CADL,Medical,Medical - Biomedical and Genetics,0.55,,,,203,25__0,25,2,0.0,11614.0,17584.0,27297.8,54410.57,59994.56,60552.96,60608.8
CAH,Medical,Medical - Dental Supplies,0.55,,,,3073,35__0,35,2,0.0,15832.2,25964.8,92696.0,486580.0,642119.73,681021.57,684911.76
CAPR,Medical,Medical - Products,0.55,391000.0,1. p999999_trade_value,1.0,736,30__2,30,2,2.0,17155.0,26726.0,69720.0,274502.5,379350.25,389835.03,390883.5
CATX,Medical,Medical - Drugs,0.55,,,,7,10__0,10,3,0.0,7331.2,9154.6,10613.32,10941.53,10974.35,10977.64,10977.96
CCCC,Medical,Medical - Biomedical and Genetics,0.55,850000.0,1. p999999_trade_value,1.0,14,10__1,10,3,1.0,10196.0,305040.0,741008.0,839100.8,848910.08,849891.01,849989.1
CCLD,Medical,Medical Info Systems,0.55,4768.0,1. p999999_trade_value,1.0,1,0__2,0,3,2.0,4768.0,4768.0,4768.0,4768.0,4768.0,4768.0,4768.0
CDNA,Medical,Medical Services,0.55,,,,33,15__0,15,3,0.0,12390.0,13970.0,20140.0,22264.0,22476.4,22497.64,22499.76
CDTX,Medical,Medical - Biomedical and Genetics,0.55,10620.0,1. p999999_trade_value,1.0,20,15__0,15,3,0.0,7692.0,7941.0,10084.2,10566.42,10614.64,10619.46,10619.95
CDXS,Medical,Medical - Biomedical and Genetics,0.55,,,,2,5__0,5,3,0.0,9304.0,9612.0,9858.4,9913.84,9919.38,9919.94,9919.99
CELC,Medical,Medical - Biomedical and Genetics,0.55,14500.0,1. p999999_trade_value,1.0,1,0__0,0,3,0.0,14500.0,14500.0,14500.0,14500.0,14500.0,14500.0,14500.0
CERS,Medical,Medical - Products,0.55,3020.0000000000005,1. p999999_trade_value,1.0,1,0__2,0,3,2.0,3020.0,3020.0,3020.0,3020.0,3020.0,3020.0,3020.0
CERT,Medical,Medical - Biomedical and Genetics,0.55,,,,9,10__0,10,3,0.0,8461.0,9883.0,11020.6,11276.56,11302.16,11304.72,11304.97
CGC,Medical,Medical - Products,0.55,,,,249,25__0,25,2,0.0,8913.6,10440.0,25913.24,34016.0,35801.6,35980.16,35998.02
CGEM,Medical,Medical - Biomedical and Genetics,0.55,,,,4,5__2,5,3,2.0,107400.0,127200.0,143040.0,146604.0,146960.4,146996.04,146999.6
CGEN,Medical,Medical - Biomedical and Genetics,0.55,,,,10,10__0,10,3,0.0,8027.4,10238.7,12007.74,12405.77,12445.58,12449.56,12449.96
CGON,Medical,Medical - Biomedical and Genetics,0.55,9000.0,8. p75_trade_value,23.0,77,20__3,20,2,3.0,14832.0,28652.0,265200.0,422520.0,438252.0,439825.2,439982.52
CHE,Medical,Medical - Outpatient and Home Healthcare,0.55,,,,57,20__0,20,2,0.0,10020.4,13805.6,28918.36,38226.74,39157.57,39250.66,39259.97
CHRS,Medical,Medical - Biomedical and Genetics,0.55,,,,13,10__0,10,3,0.0,9642.0,11904.0,14380.8,14938.08,14993.81,14999.38,14999.94
CI,Medical,Medical - HMOs,0.55,77600.0,5. p99_trade_value,25.0,2487,35__0,35,2,0.0,17740.0,26840.0,67632.6,359910.88,500112.0,518011.2,519801.12
CLDX,Medical,Medical - Biomedical and Genetics,0.55,76140.0,6. p95_trade_value,4.0,67,20__3,20,2,3.0,18613.8,65298.0,164930.0,173543.0,174404.3,174490.43,174499.04
CLOV,Medical,Medical Info Systems,0.55,12909.0,6. p95_trade_value,16.0,319,25__0,25,2,0.0,9936.0,12815.4,20241.9,36165.96,39400.6,39724.06,39756.41
CLPT,Medical,Medical - Instruments,0.55,11205.0,8. p75_trade_value,6.0,21,15__0,15,3,0.0,17000.0,29250.0,31450.0,31945.0,31994.5,31999.45,31999.95
CLSD,Medical,Medical - Biomedical and Genetics,0.55,,,,11,10__0,10,3,0.0,7470.0,7485.0,7497.0,7499.7,7499.97,7500.0,7500.0
CMPS,Medical,Medical Services,0.55,,,,8,10__0,10,3,0.0,6484.5,8799.75,10651.95,11068.7,11110.37,11114.54,11114.95
CMPX,Medical,Medical - Biomedical and Genetics,0.55,,,,68,20__3,20,2,3.0,18868.0,69340.5,191155.3,221251.03,224260.6,224561.56,224591.66
CNC,Medical,Medical - HMOs,0.55,149680.00000000003,5. p99_trade_value,13.0,1279,30__2,30,2,2.0,15000.0,33390.5,141739.6,291249.0,360793.26,369799.33,370699.93
CNMD,Medical,Medical - Dental Supplies,0.55,,,,67,20__3,20,2,3.0,14053.2,90382.0,229920.0,282192.0,287419.2,287941.92,287994.19
CNTA,Medical,Medical - Drugs,0.55,600000.0,1. p999999_trade_value,1.0,114,20__1,20,2,1.0,33004.0,77940.0,471195.0,589830.0,598983.0,599898.3,599989.83
COGT,Medical,Medical - Biomedical and Genetics,0.55,,,,12,10__0,10,3,0.0,13620.0,17166.0,20633.2,21413.32,21491.33,21499.13,21499.91
COLL,Medical,Medical - Drugs,0.55,,,,1,0__2,0,3,2.0,7200.0,7200.0,7200.0,7200.0,7200.0,7200.0,7200.0
COO,Medical,Medical - Dental Supplies,0.55,,,,138,20__0,20,2,0.0,27848.1,58443.6,84115.0,137311.82,144357.18,145061.72,145132.17
COR,Medical,Medical Services,0.55,,,,881,30__2,30,2,2.0,10292.0,15736.0,68350.0,167508.0,180100.8,181360.08,181486.01
CORT,Medical,Medical - Drugs,0.55,,,,814,30__0,30,2,0.0,21675.0,47412.0,246555.52,510900.0,1023090.0,1074309.0,1079430.9
CPIX,Medical,Medical - Drugs,0.55,,,,9,10__0,10,3,0.0,12372.0,12936.0,13387.2,13488.72,13498.87,13499.89,13499.99
CPRX,Medical,Medical - Drugs,0.55,,,,19,15__0,15,3,0.0,10171.0,10931.5,13786.3,14428.63,14492.86,14499.29,14499.93
CRBP,Medical,Medical - Drugs,0.55,,,,246,25__0,25,2,0.0,14050.0,19687.5,42236.25,99997.6,105624.76,106187.48,106243.75
CRDF,Medical,Medical - Biomedical and Genetics,0.55,31200.0,7. p90_trade_value,2.0,14,10__0,10,3,0.0,26247.3,35726.2,42450.84,43963.88,44115.19,44130.32,44131.83
CRL,Medical,Medical Services,0.55,7400.0,8. p75_trade_value,119.0,473,25__0,25,2,0.0,13200.0,22000.0,77600.0,493719.24,535011.92,539141.19,539554.12
CRMD,Medical,Medical - Biomedical and Genetics,0.55,,,,177,20__0,20,2,0.0,8424.0,9577.0,17659.12,78283.69,89840.87,90996.59,91112.16
CRNX,Medical,Medical - Drugs,0.55,,,,30,15__0,15,3,0.0,19310.4,21071.8,59543.0,73454.3,74845.43,74984.54,74998.45
CRON,Medical,Medical - Drugs,0.55,4990.000000000001,1. p999999_trade_value,1.0,1,0__2,0,3,2.0,4990.0,4990.0,4990.0,4990.0,4990.0,4990.0,4990.0
CRSP,Medical,Medical - Biomedical and Genetics,0.55,259870.00000000003,1. p999999_trade_value,2.0,1156,30__2,30,2,2.0,13100.0,20000.0,45945.0,258640.85,259870.0,259870.0,259870.0
CRVS,Medical,Medical - Biomedical and Genetics,0.55,,,,144,20__3,20,2,3.0,15122.5,26994.5,182800.0,302840.0,318284.0,319828.4,319982.84
CSTL,Medical,Medical - Biomedical and Genetics,0.55,,,,31,15__0,15,3,0.0,8000.0,9935.0,41860.0,53686.0,54868.6,54986.86,54998.69
CTEV,Medical,Medical Info Systems,0.55,,,,5,5__3,5,3,3.0,12892.0,14256.0,15347.2,15592.72,15617.27,15619.73,15619.97
CTMX,Medical,Medical - Biomedical and Genetics,0.55,,,,5,5__0,5,3,0.0,8946.0,10143.0,11100.6,11316.06,11337.61,11339.76,11339.98
CTXR,Medical,Medical - Drugs,0.55,,,,5,5__0,5,3,0.0,4057.0,4076.0,4091.2,4094.62,4094.96,4095.0,4095.0
CVAC,Medical,Medical - Biomedical and Genetics,0.55,21420.0,1. p999999_trade_value,1.0,4,5__3,5,3,3.0,16978.5,19199.25,20975.85,21375.59,21415.56,21419.56,21419.96
CVRX,Medical,Medical - Instruments,0.55,,,,12,10__2,10,3,2.0,402000.0,420000.0,420000.0,420000.0,420000.0,420000.0,420000.0
CVS,Medical,Medical Services,0.55,,,,6348,40__3,40,2,3.0,14260.0,23100.0,84687.45,336930.68,700091.5,731509.15,734650.91
CYBN,Medical,Medical - Biomedical and Genetics,0.55,,,,8,10__0,10,3,0.0,6773.0,8386.5,9677.3,9967.73,9996.77,9999.68,9999.97
CYH,Medical,Medical - Hospital,0.55,,,,58,20__0,20,2,0.0,18305.0,23739.75,34708.5,40325.85,40887.59,40943.76,40949.38
CYTK,Medical,Medical - Biomedical and Genetics,0.55,,,,282,25__0,25,2,0.0,12725.0,20975.0,73785.0,191102.24,228774.22,232541.42,232918.14
DAWN,Medical,Medical - Biomedical and Genetics,0.55,,,,18,15__0,15,3,0.0,8343.3,10864.35,13372.87,13937.29,13993.73,13999.37,13999.94
DCGO,Medical,Medical Services,0.55,,,,5,5__0,5,3,0.0,5716.0,6358.0,6871.6,6987.16,6998.72,6999.87,6999.99
DCTH,Medical,Medical - Instruments,0.55,8469.999999999998,2. p99999_trade_value,1.0,14,10__0,10,3,0.0,7470.0,8229.5,8421.9,8465.19,8469.52,8469.95,8470.0
DGX,Medical,Medical - Outpatient and Home Healthcare,0.55,,,,352,25__2,25,2,2.0,16942.5,32995.0,257150.0,393774.0,433577.4,437557.74,437955.77
DHR,Medical,Medical Services,0.55,95000.0,5. p99_trade_value,27.0,2673,35__0,35,2,0.0,15227.6,26250.0,93037.28,380145.5,538225.2,576042.12,579823.81
DNA,Medical,Medical - Biomedical and Genetics,0.55,12375.0,7. p90_trade_value,18.0,172,20__0,20,2,0.0,12337.5,16360.0,41851.8,156659.58,171590.96,173084.1,173233.41
DNLI,Medical,Medical - Biomedical and Genetics,0.55,41000.0,8. p75_trade_value,3.0,12,10__2,10,3,2.0,58100.0,78000.0,95600.0,99560.0,99956.0,99995.6,99999.56
DNTH,Medical,Medical - Biomedical and Genetics,0.55,26250.0,1. p999999_trade_value,1.0,5,5__3,5,3,3.0,24626.0,25438.0,26087.6,26233.76,26248.38,26249.84,26249.98
DOCS,Medical,Medical Services,0.55,190000.0,4. p999_trade_value,2.0,1617,30__2,30,2,2.0,15205.2,21636.0,51378.0,174600.0,280874.18,296638.42,298214.84
DVA,Medical,Medical - Outpatient and Home Healthcare,0.55,396440.0,1. p999999_trade_value,1.0,475,25__0,25,2,0.0,16246.0,23931.4,79630.0,302422.1,387038.21,395499.82,396345.98
DVAX,Medical,Medical - Biomedical and Genetics,0.55,9690.0,8. p75_trade_value,3.0,12,10__0,10,3,0.0,9969.0,29125.0,47825.0,52032.5,52453.25,52495.33,52499.53
DWTX,Medical,Medical - Biomedical and Genetics,0.55,,,,1,0__0,0,3,0.0,18000.0,18000.0,18000.0,18000.0,18000.0,18000.0,18000.0
DXCM,Medical,Medical - Instruments,0.55,100000.0,5. p99_trade_value,21.0,2079,35__0,35,2,0.0,15376.0,23632.5,99134.2,380449.52,451035.84,463603.58,464860.36
DYAI,Medical,Medical - Biomedical and Genetics,0.55,,,,1,0__2,0,3,2.0,5400.0,5400.0,5400.0,5400.0,5400.0,5400.0,5400.0
DYN,Medical,Medical - Drugs,0.55,489755.0,5. p99_trade_value,2.0,177,20__3,20,2,3.0,14814.0,26094.0,183351.12,572356.88,588235.69,589823.57,589982.36
EBS,Medical,Medical - Biomedical and Genetics,0.55,,,,63,20__0,20,2,0.0,10400.0,14300.2,22660.0,26566.0,26956.6,26995.66,26999.57
EDAP,Medical,Medical - Instruments,0.55,,,,1,0__2,0,3,2.0,4975.0,4975.0,4975.0,4975.0,4975.0,4975.0,4975.0
EDIT,Medical,Medical - Biomedical and Genetics,0.55,,,,17,10__0,10,3,0.0,5766.0,8785.2,17697.84,19703.18,19903.72,19923.77,19925.78
EHC,Medical,Medical - Outpatient and Home Healthcare,0.55,,,,37,15__0,15,3,0.0,8050.0,36000.0,61600.0,62410.0,62491.0,62499.1,62499.91
ELAN,Medical,Medical - Outpatient and Home Healthcare,0.55,,,,56,15__0,15,3,0.0,8482.5,10869.0,16244.55,17243.96,17343.9,17353.89,17354.89
ELDN,Medical,Medical - Biomedical and Genetics,0.55,,,,2,5__3,5,3,3.0,13900.0,14450.0,14890.0,14989.0,14998.9,14999.89,14999.99
ELV,Medical,Medical Services,0.55,9360.0,8. p75_trade_value,597.0,2374,35__1,35,2,1.0,16623.0,27235.0,127268.1,449264.8,559671.28,570219.93,571274.79
ENOV,Medical,Medical Info Systems,0.55,,,,21,15__0,15,3,0.0,28000.0,65000.0,82000.0,85825.0,86207.5,86245.75,86249.58
ENSG,Medical,Medical - Nursing Homes,0.55,6785.000000000001,8. p75_trade_value,4.0,13,10__0,10,3,0.0,8384.0,11438.0,14795.6,15551.06,15626.61,15634.16,15634.92
EOLS,Medical,Medical - Products,0.55,,,,9,10__0,10,3,0.0,22520.0,51260.0,74252.0,79425.2,79942.52,79994.25,79999.43
ESPR,Medical,Medical - Drugs,0.55,8964.0,1. p999999_trade_value,1.0,10,10__0,10,3,0.0,8478.9,8721.45,8915.49,8959.15,8963.51,8963.95,8964.0
ESTA,Medical,Medical Services,0.55,,,,152,20__3,20,2,3.0,22383.0,53046.0,304501.06,500457.98,522388.3,524581.33,524800.63
ETNB,Medical,Medical - Biomedical and Genetics,0.55,11940.0,1. p999999_trade_value,1.0,40,15__0,15,3,0.0,7609.5,8330.0,11124.9,11858.49,11931.85,11939.18,11939.92
ETON,Medical,Medical - Biomedical and Genetics,0.55,,,,4,5__0,5,3,0.0,4470.0,4485.0,4497.0,4499.7,4499.97,4500.0,4500.0
EW,Medical,Medical - Instruments,0.55,,,,1000,30__0,30,2,0.0,24860.0,49562.5,168008.75,416461.5,606621.15,625637.12,627538.71
EWTX,Medical,Medical - Biomedical and Genetics,0.55,7589.999999999999,8. p75_trade_value,155.0,618,30__1,30,2,1.0,18962.7,100200.2,433456.5,1941500.0,2219150.0,2246915.0,2249691.5
EXAS,Medical,Medical - Biomedical and Genetics,0.55,,,,786,30__2,30,2,2.0,14087.5,25500.0,147360.0,375870.0,388587.0,389858.7,389985.87
EXEL,Medical,Medical - Biomedical and Genetics,0.55,,,,140,20__0,20,2,0.0,11264.0,18850.0,69775.15,91187.44,92818.74,92981.87,92998.19
EYEN,Medical,Medical - Biomedical and Genetics,0.55,,,,2,5__0,5,3,0.0,8960.0,9230.0,9446.0,9494.6,9499.46,9499.95,9499.99
EYPT,Medical,Medical - Biomedical and Genetics,0.55,,,,14,10__0,10,3,0.0,9790.0,11224.5,11260.9,11269.09,11269.91,11269.99,11270.0
FATE,Medical,Medical - Biomedical and Genetics,0.55,7475.0,8. p75_trade_value,2.0,7,10__0,10,3,0.0,8725.0,9662.5,10412.5,10581.25,10598.12,10599.81,10599.98
FBIO,Medical,Medical - Biomedical and Genetics,0.55,,,,3,5__0,5,3,0.0,5156.0,5300.5,5416.1,5442.11,5444.71,5444.97,5445.0
FDMT,Medical,Medical - Drugs,0.55,,,,12,10__0,10,3,0.0,6700.0,9337.5,11867.5,12436.75,12493.68,12499.37,12499.94
FGEN,Medical,Medical - Drugs,0.55,7265.000000000001,1. p999999_trade_value,1.0,1,0__2,0,3,2.0,7265.0,7265.0,7265.0,7265.0,7265.0,7265.0,7265.0
FLGT,Medical,Medical Info Systems,0.55,3900.0,1. p999999_trade_value,1.0,1,0__2,0,3,2.0,3900.0,3900.0,3900.0,3900.0,3900.0,3900.0,3900.0
FOLD,Medical,Medical - Biomedical and Genetics,0.55,,,,28,15__0,15,3,0.0,52750.0,125075.0,149460.0,149946.0,149994.6,149999.46,149999.95
FTRE,Medical,Medical - Biomedical and Genetics,0.55,145000.0,1. p999999_trade_value,1.0,111,20__0,20,2,0.0,40250.0,63280.0,95737.5,139761.25,144476.13,144947.61,144994.76
GALT,Medical,Medical - Drugs,0.55,,,,159,20__3,20,2,3.0,12718.4,17425.0,121248.5,316496.15,341249.62,343724.96,343972.5
GANX,Medical,Medical - Drugs,0.55,7500.0,1. p999999_trade_value,1.0,1,0__2,0,3,2.0,7500.0,7500.0,7500.0,7500.0,7500.0,7500.0,7500.0
GDRX,Medical,Medical Services,0.55,,,,2,5__3,5,3,3.0,26697.6,27940.8,28935.36,29159.14,29181.51,29183.75,29183.98
GEHC,Medical,Medical - Products,0.55,8815.0,8. p75_trade_value,200.0,800,30__0,30,2,0.0,19582.0,35296.0,180070.0,619195.0,759419.5,773441.95,774844.19
GERN,Medical,Medical - Biomedical and Genetics,0.55,,,,19,15__0,15,3,0.0,11000.0,17500.0,35500.0,39550.0,39955.0,39995.5,39999.55
GH,Medical,Medical - Biomedical and Genetics,0.55,,,,585,30__0,30,2,0.0,17049.0,37915.0,307750.4,523168.0,587816.8,594281.68,594928.17
GHRS,Medical,Medical - Biomedical and Genetics,0.55,19900.0,8. p75_trade_value,2.0,6,10__0,10,3,0.0,20700.0,21100.0,21420.0,21492.0,21499.2,21499.92,21499.99
GILD,Medical,Medical - Biomedical and Genetics,0.55,,,,3265,35__1,35,2,1.0,16641.0,26528.0,127500.0,652944.24,1002811.9,1101725.59,1111616.96
GKOS,Medical,Medical - Instruments,0.55,,,,1218,30__2,30,2,2.0,16080.0,34257.5,109907.0,301161.6,312190.24,312613.02,312655.3
GLPG,Medical,Medical - Biomedical and Genetics,0.55,,,,15,10__0,10,3,0.0,55330.0,63625.0,72725.0,74772.5,74977.25,74997.73,74999.77
GLUE,Medical,Medical - Biomedical and Genetics,0.55,21060.0,1. p999999_trade_value,1.0,9,10__0,10,3,0.0,11700.0,16380.0,20124.0,20966.4,21050.64,21059.06,21059.91
GMAB,Medical,Medical - Biomedical and Genetics,0.55,,,,7,10__0,10,3,0.0,10934.0,10967.0,10993.4,10999.34,10999.93,10999.99,11000.0
GMED,Medical,Medical - Instruments,0.55,240000.0,5. p99_trade_value,2.0,117,20__3,20,2,3.0,23660.0,56700.0,235396.0,315926.76,324893.68,325790.37,325880.04
GNLX,Medical,Medical - Biomedical and Genetics,0.55,,,,1,0__2,0,3,2.0,3100.0,3100.0,3100.0,3100.0,3100.0,3100.0,3100.0
GPCR,Medical,Medical - Biomedical and Genetics,0.55,,,,124,20__3,20,2,3.0,23875.0,35300.0,208275.0,262620.0,269262.0,269926.2,269992.62
GRAL,Medical,Medical - Biomedical and Genetics,0.55,93000.0,1. p999999_trade_value,1.0,472,25__0,25,2,0.0,13445.4,18626.0,44526.82,90162.22,92716.22,92971.62,92997.16
GRFS,Medical,Medical - Drugs,0.55,16887.0,7. p90_trade_value,2.0,18,15__0,15,3,0.0,9266.1,16892.85,16919.37,16925.34,16925.93,16925.99,16926.0
GSK,Medical,Medical - Biomedical and Genetics,0.55,,,,429,25__0,25,2,0.0,20738.4,43084.8,155040.0,395041.4,442209.14,446925.91,447397.59
HAE,Medical,Medical - Products,0.55,960000.0,5. p99_trade_value,2.0,164,20__1,20,2,1.0,46473.5,160625.0,705889.5,985110.0,989511.0,989951.1,989995.11
HALO,Medical,Medical - Biomedical and Genetics,0.55,,,,91,20__0,20,2,0.0,11200.0,14100.0,32300.0,34730.0,34973.0,34997.3,34999.73
HCA,Medical,Medical - Hospital,0.55,19220.0,7. p90_trade_value,230.0,2283,35__1,35,2,1.0,19220.0,28938.0,171405.0,469013.05,594981.57,626498.16,629649.82
HCAT,Medical,Medical Info Systems,0.55,45350.0,8. p75_trade_value,2.0,5,5__1,5,3,1.0,47906.0,48758.0,49439.6,49592.96,49608.3,49609.83,49609.98
HCM,Medical,Medical - Biomedical and Genetics,0.55,5500.0,1. p999999_trade_value,1.0,1,0__2,0,3,2.0,5500.0,5500.0,5500.0,5500.0,5500.0,5500.0,5500.0
HIMS,Medical,Medical Info Systems,0.55,,,,38269,45__0,45,1,0.0,18041.6,30000.0,81464.0,337441.04,1137598.0,2087913.38,2142338.74
HITI,Medical,Medical - Products,0.55,,,,2,5__0,5,3,0.0,4772.0,4786.0,4797.2,4799.72,4799.97,4800.0,4800.0
HNGE,Medical,Medical Info Systems,0.55,4680.0,8. p75_trade_value,2.0,6,10__0,10,3,0.0,5027.5,5201.25,5340.25,5371.53,5374.65,5374.97,5375.0
HOLX,Medical,Medical - Instruments,0.55,228000.0,5. p99_trade_value,2.0,184,25__2,25,2,2.0,35000.0,84254.0,215550.0,311334.0,328133.4,329813.34,329981.33
HOWL,Medical,Medical - Biomedical and Genetics,0.55,,,,2,5__0,5,3,0.0,5761.0,5820.5,5868.1,5878.81,5879.88,5879.99,5880.0
HQY,Medical,Medical Services,0.55,80000.0,1. p999999_trade_value,1.0,181,25__0,25,2,0.0,10000.0,14490.0,24994.4,73016.0,79301.6,79930.16,79993.02
HRMY,Medical,Medical - Biomedical and Genetics,0.55,,,,12,10__0,10,3,0.0,9203.5,11072.7,12659.34,13016.33,13052.03,13055.6,13055.96
HROW,Medical,Medical - Drugs,0.55,,,,126,20__3,20,2,3.0,19728.5,52500.0,363750.0,437812.5,442031.25,442453.13,442495.31
HRTX,Medical,Medical - Drugs,0.55,5000.0,1. p999999_trade_value,1.0,3,5__0,5,3,0.0,4998.0,4999.0,4999.8,4999.98,5000.0,5000.0,5000.0
HSIC,Medical,Medical - Dental Supplies,0.55,,,,53,15__0,15,3,0.0,60000.0,69600.0,110000.0,110000.0,110000.0,110000.0,110000.0
HUM,Medical,Medical - HMOs,0.55,,,,16990,40__1,40,2,1.0,16100.0,26520.0,81033.0,490074.8,1659631.33,5473028.89,6152502.89
HUMA,Medical,Medical - Biomedical and Genetics,0.55,,,,234,25__0,25,2,0.0,10210.0,14463.0,24735.0,28604.29,28996.43,29035.64,29039.56
HYPR,Medical,Medical - Instruments,0.55,,,,5,5__0,5,3,0.0,10013.4,11254.2,12246.84,12470.18,12492.52,12494.75,12494.98
IART,Medical,Medical - Instruments,0.55,,,,4,5__1,5,3,1.0,65970.0,77985.0,87597.0,89759.7,89975.97,89997.6,89999.76
IBRX,Medical,Medical - Biomedical and Genetics,0.55,,,,169,20__0,20,2,0.0,13869.2,24504.0,48532.0,154764.4,172976.44,174797.64,174979.76
ICLR,Medical,Medical Services,0.55,766800.0,1. p999999_trade_value,1.0,281,25__0,25,2,0.0,17940.0,24500.0,160000.0,621648.0,752284.8,765348.48,766654.85
ICUI,Medical,Medical - Products,0.55,,,,24,15__0,15,3,0.0,10522.0,26249.0,75508.0,88010.8,89261.08,89386.11,89398.61
IDXX,Medical,Medical - Instruments,0.55,577395.0,1. p999999_trade_value,1.0,248,25__2,25,2,2.0,28375.0,38399.3,236172.5,516270.65,571282.57,576783.76,577333.88
IDYA,Medical,Medical - Biomedical and Genetics,0.55,,,,5,5__3,5,3,3.0,12569.0,15092.0,17110.4,17564.54,17609.95,17614.5,17614.95
IFRX,Medical,Medical - Biomedical and Genetics,0.55,,,,1,0__2,0,3,2.0,4440.0,4440.0,4440.0,4440.0,4440.0,4440.0,4440.0
IGMS,Medical,Medical - Biomedical and Genetics,0.55,6500.0,1. p999999_trade_value,1.0,4,5__0,5,3,0.0,6050.0,6275.0,6455.0,6495.5,6499.55,6499.96,6500.0
ILMN,Medical,Medical - Biomedical and Genetics,0.55,,,,1002,30__2,30,2,2.0,16106.3,23737.5,96237.5,341594.4,386774.98,391297.5,391749.75
IMCR,Medical,Medical - Biomedical and Genetics,0.55,,,,12,10__2,10,3,2.0,62013.6,132400.95,201036.99,216480.1,218024.41,218178.84,218194.28
IMNM,Medical,Medical - Biomedical and Genetics,0.55,,,,12,10__0,10,3,0.0,6832.5,8245.6,9463.52,9737.55,9764.96,9767.7,9767.97
IMTX,Medical,Medical - Biomedical and Genetics,0.55,50000.0,1. p999999_trade_value,1.0,8,10__0,10,3,0.0,34887.0,42443.5,48488.7,49848.87,49984.89,49998.49,49999.85
IMUX,Medical,Medical - Biomedical and Genetics,0.55,,,,4,5__3,5,3,3.0,26292.0,31146.0,35029.2,35902.92,35990.29,35999.03,35999.9
IMVT,Medical,Medical - Biomedical and Genetics,0.55,363636.0,1. p999999_trade_value,1.0,59,20__1,20,2,1.0,69300.0,185160.6,315127.12,358785.11,363150.91,363587.49,363631.15
INBX,Medical,Medical - Biomedical and Genetics,0.55,8825.0,1. p999999_trade_value,1.0,4,5__0,5,3,0.0,8007.5,8416.25,8743.25,8816.83,8824.18,8824.92,8824.99
INCY,Medical,Medical - Biomedical and Genetics,0.55,250000.0,1. p999999_trade_value,1.0,709,30__2,30,2,2.0,14760.0,24712.0,97000.8,218140.0,246814.0,249681.4,249968.14
INDV,Medical,Medical - Drugs,0.55,,,,9,10__2,10,3,2.0,52000.0,76000.0,95200.0,99520.0,99952.0,99995.2,99999.52
INMB,Medical,Medical - Biomedical and Genetics,0.55,,,,47,15__0,15,3,0.0,6060.0,6356.5,9608.0,11760.8,11976.08,11997.61,11999.76
INMD,Medical,Medical - Products,0.55,,,,73,20__0,20,2,0.0,10000.0,12316.0,16270.4,19627.04,19962.7,19996.27,19999.63
INSM,Medical,Medical - Biomedical and Genetics,0.55,,,,1310,30__1,30,2,1.0,15261.9,24805.0,100754.64,1174633.08,1753288.29,1788128.83,1791612.88
INSP,Medical,Medical Info Systems,0.55,10080.0,8. p75_trade_value,173.0,686,30__2,30,2,2.0,20557.0,34930.0,89997.0,222722.25,223431.23,223502.12,223509.21
INVA,Medical,Large Cap Pharmaceuticals,0.55,,,,4,5__0,5,3,0.0,6870.0,7275.0,7599.0,7671.9,7679.19,7679.92,7679.99
INZY,Medical,Medical - Biomedical and Genetics,0.55,,,,3,5__0,5,3,0.0,8531.2,8761.6,8945.92,8987.39,8991.54,8991.95,8992.0
IONS,Medical,Medical - Drugs,0.55,,,,25,15__0,15,3,0.0,10880.0,34400.0,56488.2,61174.32,61642.93,61689.79,61694.48
IOVA,Medical,Medical - Biomedical and Genetics,0.55,22750.0,6. p95_trade_value,46.0,909,30__2,30,2,2.0,15372.0,22650.0,52225.56,181930.0,367843.0,386434.3,388293.43
IQV,Medical,Medical - Instruments,0.55,7680.000000000001,8. p75_trade_value,113.0,450,25__2,25,2,2.0,16430.0,38064.0,336684.0,1338002.61,1601520.26,1627872.03,1630507.2
IRD,Medical,Medical - Biomedical and Genetics,0.55,,,,2,5__0,5,3,0.0,5980.0,6020.0,6052.0,6059.2,6059.92,6059.99,6060.0
IRON,Medical,Medical - Biomedical and Genetics,0.55,,,,30,15__0,15,3,0.0,124000.0,198581.4,236279.56,238533.56,238758.96,238781.5,238783.75
IRTC,Medical,Medical Info Systems,0.55,90000.0,5. p99_trade_value,2.0,177,20__0,20,2,0.0,16713.0,24284.4,80880.0,182700.0,200520.0,202302.0,202480.2
ISRG,Medical,Medical - Instruments,0.55,,,,7945,40__3,40,2,3.0,15000.0,23508.0,57711.6,229229.6,648260.8,732626.08,741062.61
ITGR,Medical,Medical - Instruments,0.55,6800.0,8. p75_trade_value,2.0,8,10__0,10,3,0.0,6920.0,7060.0,7172.0,7197.2,7199.72,7199.97,7200.0
ITOS,Medical,Medical - Biomedical and Genetics,0.55,,,,42,15__0,15,3,0.0,50000.0,51710.0,143673.0,149097.3,149639.73,149693.97,149699.4
IVVD,Medical,Medical - Biomedical and Genetics,0.55,,,,9,10__0,10,3,0.0,10000.0,10000.0,10000.0,10000.0,10000.0,10000.0,10000.0
JANX,Medical,Medical - Biomedical and Genetics,0.55,,,,295,25__0,25,2,0.0,22660.0,50000.0,125310.0,378244.0,397824.4,399782.44,399978.24
JAZZ,Medical,Medical - Biomedical and Genetics,0.55,,,,120,20__0,20,2,0.0,14518.9,28313.5,121139.25,138206.08,139820.61,139982.06,139998.21
JNJ,Medical,Large Cap Pharmaceuticals,0.55,344999.99999999994,4. p999_trade_value,7.0,6287,40__0,40,2,0.0,14800.0,24934.7,69050.4,332988.0,798877.3,965487.73,982148.77
JSPR,Medical,Medical - Biomedical and Genetics,0.55,300000.0,1. p999999_trade_value,1.0,232,25__0,25,2,0.0,16330.0,37268.0,174978.0,280942.5,298094.25,299809.43,299980.94
KALV,Medical,Medical - Drugs,0.55,74000.0,1. p999999_trade_value,1.0,13,10__0,10,3,0.0,34160.0,53600.0,69920.0,73592.0,73959.2,73995.92,73999.59
KNSA,Medical,Medical - Biomedical and Genetics,0.55,3400.0,1. p999999_trade_value,1.0,1,0__2,0,3,2.0,3400.0,3400.0,3400.0,3400.0,3400.0,3400.0,3400.0
KOD,Medical,Medical - Biomedical and Genetics,0.55,,,,2,5__0,5,3,0.0,4630.0,4715.0,4783.0,4798.3,4799.83,4799.98,4800.0
KROS,Medical,Medical - Biomedical and Genetics,0.55,,,,25,15__0,15,3,0.0,10650.0,11270.0,17176.0,18817.6,18981.76,18998.18,18999.82
KRYS,Medical,Medical - Biomedical and Genetics,0.55,517175.0,5. p99_trade_value,3.0,215,25__2,25,2,2.0,28728.0,117300.0,508064.5,739300.0,748930.0,749893.0,749989.3
KURA,Medical,Medical - Biomedical and Genetics,0.55,,,,19,15__0,15,3,0.0,12069.0,16709.7,19335.54,19926.35,19985.44,19991.34,19991.93
KYMR,Medical,Medical - Biomedical and Genetics,0.55,,,,21,15__0,15,3,0.0,6160.0,7000.0,7416.0,7509.6,7518.96,7519.9,7519.99
KZIA,Medical,Medical - Biomedical and Genetics,0.55,,,,1,0__2,0,3,2.0,3885.0,3885.0,3885.0,3885.0,3885.0,3885.0,3885.0
LEGN,Medical,Medical - Biomedical and Genetics,0.55,7560.000000000001,8. p75_trade_value,43.0,172,20__0,20,2,0.0,12960.0,16503.75,37629.5,152045.0,168204.5,169820.45,169982.05
LFCR,Medical,Medical - Biomedical and Genetics,0.55,3640.0,1. p999999_trade_value,1.0,2,5__0,5,3,0.0,3621.0,3630.5,3638.1,3639.81,3639.98,3640.0,3640.0
LFMD,Medical,Medical Services,0.55,7530.0,8. p75_trade_value,29.0,113,20__0,20,2,0.0,13673.0,28650.0,40301.2,119962.0,128996.2,129899.62,129989.96
LFST,Medical,Medical - Outpatient and Home Healthcare,0.55,8560.0,8. p75_trade_value,2.0,6,10__2,10,3,2.0,76655.0,110702.5,137940.5,144069.05,144681.91,144743.19,144749.32
LFVN,Medical,Medical - Dental Supplies,0.55,,,,5,5__0,5,3,0.0,4452.8,4726.4,4945.28,4994.53,4999.45,4999.95,4999.99
LGND,Medical,Medical - Biomedical and Genetics,0.55,,,,6,10__0,10,3,0.0,6300.0,6950.0,7470.0,7587.0,7598.7,7599.87,7599.99
LH,Medical,Medical Services,0.55,500000.0,1. p999999_trade_value,1.0,111,20__3,20,2,3.0,18232.0,48100.0,256830.0,474007.0,497400.7,499740.07,499974.01
LIVN,Medical,Medical - Instruments,0.55,9975.0,1. p999999_trade_value,1.0,17,10__0,10,3,0.0,8415.0,8727.0,9725.4,9950.04,9972.5,9974.75,9974.98
LLY,Medical,Large Cap Pharmaceuticals,0.55,847800.0,3. p9999_trade_value,9.0,85425,50__1,50,1,1.0,16830.0,25981.2,70000.0,272592.0,821873.28,3074121.6,4638662.16
LMAT,Medical,Medical - Products,0.55,47125.0,1. p999999_trade_value,1.0,2,5__1,5,3,1.0,42910.0,45017.5,46703.5,47082.85,47120.79,47124.58,47124.96
LNSR,Medical,Medical - Instruments,0.55,,,,2,5__3,5,3,3.0,25760.0,26680.0,27416.0,27581.6,27598.16,27599.82,27599.98
LNTH,Medical,Medical - Products,0.55,,,,453,25__2,25,2,2.0,15276.6,33644.0,402300.0,913338.0,1083583.8,1100608.38,1102310.84
LPTX,Medical,Medical - Biomedical and Genetics,0.55,,,,3,5__0,5,3,0.0,4300.0,4400.0,4480.0,4498.0,4499.8,4499.98,4500.0
LQDA,Medical,Medical - Biomedical and Genetics,0.55,284715.0,1. p999999_trade_value,1.0,214,25__0,25,2,0.0,16321.5,35336.0,83526.0,256343.4,281877.84,284431.28,284686.63
LRMR,Medical,Medical - Drugs,0.55,,,,6,10__0,10,3,0.0,7470.0,8235.0,8847.0,8984.7,8998.47,8999.85,8999.98
LXEO,Medical,Medical - Drugs,0.55,,,,1,0__2,0,3,2.0,4500.0,4500.0,4500.0,4500.0,4500.0,4500.0,4500.0
LXRX,Medical,Medical - Biomedical and Genetics,0.55,,,,11,10__0,10,3,0.0,8370.0,10685.0,12537.0,12953.7,12995.37,12999.54,12999.95
MASI,Medical,Medical - Instruments,0.55,32560.000000000004,6. p95_trade_value,8.0,151,20__3,20,2,3.0,18950.0,30360.0,159500.0,214950.0,221295.0,221929.5,221992.95
MASS,Medical,Medical - Instruments,0.55,,,,4,5__0,5,3,0.0,4188.0,4314.0,4414.8,4437.48,4439.75,4439.97,4440.0
MBOT,Medical,Medical - Instruments,0.55,7000.0,8. p75_trade_value,2.0,8,10__0,10,3,0.0,7516.0,8118.0,8599.6,8707.96,8718.8,8719.88,8719.99
MCK,Medical,Medical - Dental Supplies,0.55,450000.0,1. p999999_trade_value,1.0,3115,35__0,35,2,0.0,15090.0,24927.0,82788.8,266415.36,437544.0,448754.4,449875.44
MCRB,Medical,Medical - Biomedical and Genetics,0.55,,,,16,10__0,10,3,0.0,13167.5,21595.0,29659.0,31473.4,31654.84,31672.98,31674.8
MDGL,Medical,Medical - Drugs,0.55,,,,705,30__2,30,2,2.0,21436.0,32480.0,94363.2,191752.8,209525.28,211302.53,211480.25
MDT,Medical,Medical - Products,0.55,9869.999999999998,8. p75_trade_value,329.0,1315,30__0,30,2,0.0,20178.0,35605.6,170408.0,703145.0,926450.4,945845.04,947784.5
MDXG,Medical,Medical - Biomedical and Genetics,0.55,6250.0,1. p999999_trade_value,1.0,2,5__0,5,3,0.0,5973.0,6111.5,6222.3,6247.23,6249.72,6249.97,6250.0
MEDP,Medical,Medical Services,0.55,540000.0,1. p999999_trade_value,1.0,620,30__0,30,2,0.0,27104.0,45296.5,140951.2,434522.4,529452.24,538945.22,539894.52
MESO,Medical,Medical - Biomedical and Genetics,0.55,,,,105,20__0,20,2,0.0,13560.0,16240.0,29792.0,38064.0,38906.4,38990.64,38999.06
MGNX,Medical,Medical - Products,0.55,7000.0,1. p999999_trade_value,1.0,5,5__0,5,3,0.0,6456.0,6728.0,6945.6,6994.56,6999.46,6999.95,6999.99
MGTX,Medical,Medical - Biomedical and Genetics,0.55,,,,1,0__2,0,3,2.0,5500.0,5500.0,5500.0,5500.0,5500.0,5500.0,5500.0
MIRM,Medical,Medical - Biomedical and Genetics,0.55,59359.99999999999,1. p999999_trade_value,1.0,14,10__0,10,3,0.0,34526.0,46958.0,56879.6,59111.96,59335.2,59357.52,59359.75
MIST,Medical,Medical - Biomedical and Genetics,0.55,,,,33,15__0,15,3,0.0,12920.0,14080.0,18010.0,19306.0,19435.6,19448.56,19449.86
MLTX,Medical,Medical - Biomedical and Genetics,0.55,23625.000000000004,1. p999999_trade_value,1.0,18,15__0,15,3,0.0,8950.0,12043.75,21308.75,23393.38,23601.84,23622.68,23624.77
MLYS,Medical,Medical - Biomedical and Genetics,0.55,,,,34,15__0,15,3,0.0,7818.0,31250.0,49175.0,49917.5,49991.75,49999.18,49999.92
MMSI,Medical,Medical - Dental Supplies,0.55,,,,63,20__3,20,2,3.0,7984.0,9176.0,228500.0,270350.0,274535.0,274953.5,274995.35
MNKD,Medical,Medical - Biomedical and Genetics,0.55,54304.0,7. p90_trade_value,2.0,16,10__0,10,3,0.0,32820.0,55148.25,57174.45,57630.35,57675.93,57680.49,57680.95
MNMD,Medical,Medical - Biomedical and Genetics,0.55,48330.0,1. p999999_trade_value,1.0,190,25__0,25,2,0.0,9043.0,11171.25,19651.04,42987.73,47795.77,48276.58,48324.66
MODV,Medical,Medical Services,0.55,,,,17,10__0,10,3,0.0,9284.8,11049.8,16069.96,17199.5,17312.45,17323.74,17324.87
MOH,Medical,Medical - HMOs,0.55,18000.0,7. p90_trade_value,64.0,613,30__0,30,2,0.0,18000.0,24296.0,161479.2,464782.32,702254.23,726001.42,728376.14
MREO,Medical,Medical - Biomedical and Genetics,0.55,,,,6,10__0,10,3,0.0,6015.0,6202.5,6352.5,6386.25,6389.63,6389.96,6390.0
MRK,Medical,Large Cap Pharmaceuticals,0.55,26400.0,6. p95_trade_value,281.0,5592,35__2,35,2,2.0,15744.1,26400.0,97367.55,1418843.8,2524832.4,2744223.24,2766162.32
MRNA,Medical,Medical - Biomedical and Genetics,0.55,,,,11920,40__2,40,2,2.0,17011.4,29700.0,216695.12,1230212.76,2562383.49,3412262.47,3505027.75
MRSN,Medical,Medical - Biomedical and Genetics,0.55,,,,4,5__3,5,3,3.0,12838.5,13956.75,14851.35,15052.63,15072.76,15074.78,15074.98
MRUS,Medical,Medical - Biomedical and Genetics,0.55,712535.0,5. p99_trade_value,2.0,195,25__2,25,2,2.0,17208.0,51075.0,199356.1,1548731.79,1729873.18,1747987.32,1749798.73
MRVI,Medical,Medical - Products,0.55,,,,22,15__0,15,3,0.0,15253.0,23379.5,38842.65,42440.26,42800.03,42836.0,42839.6
MTD,Medical,Medical - Instruments,0.55,5880.0,8. p75_trade_value,41.0,163,20__0,20,2,0.0,9198.0,15975.0,117120.0,143564.4,145576.44,145777.64,145797.76
MTSR,Medical,Medical - Biomedical and Genetics,0.55,,,,3,5__3,5,3,3.0,20456.0,22128.0,23465.6,23766.56,23796.66,23799.67,23799.97
MURA,Medical,Medical - Drugs,0.55,18500.0,8. p75_trade_value,2.0,5,5__3,5,3,3.0,19580.0,19940.0,20228.0,20292.8,20299.28,20299.93,20299.99
MYGN,Medical,Medical - Biomedical and Genetics,0.55,21280.0,6. p95_trade_value,2.0,21,15__0,15,3,0.0,7800.0,21280.0,22256.0,22475.6,22497.56,22499.76,22499.98
MYO,Medical,Medical - Products,0.55,,,,2,5__0,5,3,0.0,4445.0,4497.5,4539.5,4548.95,4549.9,4549.99,4550.0
NAGE,Medical,Medical - Biomedical and Genetics,0.55,4725.0,8. p75_trade_value,2.0,5,5__0,5,3,0.0,4890.0,4945.0,4989.0,4998.9,4999.89,4999.99,5000.0
NAMS,Medical,Medical - Drugs,0.55,,,,25,15__1,15,3,1.0,234000.0,378000.0,468400.0,487840.0,489784.0,489978.4,489997.84
NBIX,Medical,Medical - Drugs,0.55,,,,334,25__0,25,2,0.0,19194.5,27022.0,98038.32,286740.0,352674.0,359267.4,359926.74
NEO,Medical,Medical - Biomedical and Genetics,0.55,,,,19,15__0,15,3,0.0,14211.0,22589.5,36517.9,39651.79,39965.18,39996.52,39999.65
NEOG,Medical,Medical - Products,0.55,3900.0,8. p75_trade_value,2.0,6,10__0,10,3,0.0,4150.0,4275.0,4375.0,4397.5,4399.75,4399.98,4400.0
NGNE,Medical,Medical - Biomedical and Genetics,0.55,6290.000000000001,8. p75_trade_value,25.0,97,20__0,20,2,0.0,24850.0,31404.0,55321.6,95532.16,99553.22,99955.32,99995.53
NKTR,Medical,Medical - Drugs,0.55,,,,5,5__0,5,3,0.0,6615.6,6807.8,6961.56,6996.16,6999.62,6999.96,7000.0
NKTX,Medical,Medical - Biomedical and Genetics,0.55,,,,1,0__2,0,3,2.0,3140.0,3140.0,3140.0,3140.0,3140.0,3140.0,3140.0
NMRA,Medical,Medical - Biomedical and Genetics,0.55,162000.0,5. p99_trade_value,10.0,973,30__0,30,2,0.0,20940.0,37001.0,146880.0,724311.0,882431.1,898243.11,899824.31
NNVC,Medical,Medical - Drugs,0.55,,,,1,0__2,0,3,2.0,4140.0,4140.0,4140.0,4140.0,4140.0,4140.0,4140.0
NOTV,Medical,Medical - Drugs,0.55,,,,3,5__3,5,3,3.0,24561.0,27200.5,29312.1,29787.21,29834.72,29839.47,29839.95
NPCE,Medical,Medical - Instruments,0.55,,,,2,5__0,5,3,0.0,3915.0,3957.5,3991.5,3999.15,3999.92,3999.99,4000.0
NRIX,Medical,Medical - Biomedical and Genetics,0.55,,,,9,10__0,10,3,0.0,10780.0,12590.0,14038.0,14363.8,14396.38,14399.64,14399.96
NRXP,Medical,Medical - Drugs,0.55,11519.999999999998,1. p999999_trade_value,1.0,2,5__0,5,3,0.0,10693.0,11106.5,11437.3,11511.73,11519.17,11519.92,11519.99
NTLA,Medical,Medical - Biomedical and Genetics,0.55,,,,152,20__0,20,2,0.0,12965.0,19000.0,38481.37,58594.49,60939.45,61173.94,61197.39
NTRA,Medical,Medical Services,0.55,,,,2603,35__0,35,2,0.0,15660.0,21440.0,75828.1,284918.84,818881.48,932838.15,944233.81
NUVB,Medical,Medical - Biomedical and Genetics,0.55,3500.0,1. p999999_trade_value,1.0,1,0__2,0,3,2.0,3500.0,3500.0,3500.0,3500.0,3500.0,3500.0,3500.0
NUVL,Medical,Medical - Biomedical and Genetics,0.55,,,,107,20__0,20,2,0.0,10448.0,14675.0,30870.0,36864.0,37436.4,37493.64,37499.36
NVAX,Medical,Medical - Biomedical and Genetics,0.55,,,,892,30__2,30,2,2.0,13450.8,21935.65,153170.0,482562.54,501856.25,503785.63,503978.56
NVCR,Medical,Medical - Biomedical and Genetics,0.55,,,,188,25__0,25,2,0.0,9849.5,13756.25,30120.0,147828.3,167872.83,169877.28,170077.73
NVCT,Medical,Medical - Biomedical and Genetics,0.55,6500.0,1. p999999_trade_value,1.0,7,10__0,10,3,0.0,6200.0,6350.0,6470.0,6497.0,6499.7,6499.97,6500.0
NVO,Medical,Large Cap Pharmaceuticals,0.55,1622400.0,3. p9999_trade_value,2.0,14123,40__0,40,2,0.0,16800.0,27340.2,120148.2,726412.16,1415322.26,1935971.49,1982379.55
NVS,Medical,Large Cap Pharmaceuticals,0.55,,,,567,30__2,30,2,2.0,16767.6,37795.0,81317.2,150453.28,192183.33,196356.33,196773.63
NVST,Medical,Medical - Products,0.55,,,,27,15__0,15,3,0.0,121000.0,195250.0,217850.0,224285.0,224928.5,224992.85,224999.28
OCGN,Medical,Medical - Biomedical and Genetics,0.55,,,,7,10__0,10,3,0.0,8359.0,9059.5,9619.9,9745.99,9758.6,9759.86,9759.99
OCUL,Medical,Medical - Drugs,0.55,47150.0,1. p999999_trade_value,1.0,16,10__0,10,3,0.0,11910.0,20787.5,41877.5,46622.75,47097.27,47144.73,47149.47
OFIX,Medical,Medical - Instruments,0.55,,,,6,10__2,10,3,2.0,117544.0,117544.0,117544.0,117544.0,117544.0,117544.0,117544.0
OGN,Medical,Medical Services,0.55,130000.0,1. p999999_trade_value,1.0,42,15__0,15,3,0.0,10113.9,15247.0,83292.8,125329.28,129532.93,129953.29,129995.33
OLMA,Medical,Medical - Biomedical and Genetics,0.55,,,,7,10__0,10,3,0.0,12235.0,12242.5,12248.5,12249.85,12249.98,12250.0,12250.0
OM,Medical,Medical Info Systems,0.55,,,,2,5__0,5,3,0.0,4797.0,4888.5,4961.7,4978.17,4979.82,4979.98,4980.0
OMCL,Medical,Medical Info Systems,0.55,,,,27,15__0,15,3,0.0,9172.8,10076.2,31162.6,37712.26,38367.23,38432.72,38439.27
OMER,Medical,Medical - Products,0.55,,,,67,20__0,20,2,0.0,11373.0,26310.8,98160.0,112416.0,113841.6,113984.16,113998.42
OMI,Medical,Medical - Products,0.55,,,,9,10__0,10,3,0.0,16504.0,16752.0,16950.4,16995.04,16999.5,16999.95,17000.0
ONC,Medical,Medical - Drugs,0.55,8400.0,8. p75_trade_value,8.0,30,15__0,15,3,0.0,20360.0,35700.0,37500.0,37500.0,37500.0,37500.0,37500.0
OPCH,Medical,Medical - Outpatient and Home Healthcare,0.55,,,,28,15__0,15,3,0.0,15795.0,23850.0,115235.1,144606.51,147543.65,147837.37,147866.74
OPK,Medical,Medical - Instruments,0.55,,,,7,10__0,10,3,0.0,12495.0,12495.0,12495.0,12495.0,12495.0,12495.0,12495.0
ORGO,Medical,Medical - Drugs,0.55,4950.0,8. p75_trade_value,2.0,6,10__0,10,3,0.0,5475.0,5737.5,5947.5,5994.75,5999.48,5999.95,5999.99
ORIC,Medical,Medical - Biomedical and Genetics,0.55,60000.0,1. p999999_trade_value,1.0,32,15__0,15,3,0.0,32807.0,42168.6,55350.0,59535.0,59953.5,59995.35,59999.54
OTLK,Medical,Medical - Biomedical and Genetics,0.55,,,,2,5__0,5,3,0.0,5884.5,6029.75,6145.95,6172.1,6174.71,6174.97,6175.0
PACB,Medical,Medical - Instruments,0.55,7180.0,8. p75_trade_value,17.0,66,20__0,20,2,0.0,17502.5,18840.0,39141.0,52514.1,53851.41,53985.14,53998.51
PACS,Medical,Medical Services,0.55,,,,213,25__0,25,2,0.0,14826.0,22500.0,42916.8,58100.64,60062.06,60258.21,60277.82
PAHC,Medical,Medical - Products,0.55,,,,1,0__2,0,3,2.0,6435.0,6435.0,6435.0,6435.0,6435.0,6435.0,6435.0
PBH,Medical,Medical - Products,0.55,7500.0,1. p999999_trade_value,1.0,4,5__0,5,3,0.0,7125.0,7312.5,7462.5,7496.25,7499.62,7499.96,7500.0
PCRX,Medical,Medical - Biomedical and Genetics,0.55,200000.0,1. p999999_trade_value,1.0,29,15__0,15,3,0.0,35200.0,50000.0,158000.0,195800.0,199580.0,199958.0,199995.8
PCVX,Medical,Medical - Biomedical and Genetics,0.55,329000.0,1. p999999_trade_value,1.0,324,25__0,25,2,0.0,12500.0,20478.0,90472.0,264723.0,322572.3,328357.23,328935.72
PEN,Medical,Medical - Instruments,0.55,625000.0,1. p999999_trade_value,1.0,406,25__0,25,2,0.0,20870.0,29367.0,119820.0,504553.0,612955.3,623795.53,624879.55
PEPG,Medical,Medical - Biomedical and Genetics,0.55,9980.000000000002,8. p75_trade_value,2.0,8,10__0,10,3,0.0,10356.5,10795.75,11147.15,11226.22,11234.12,11234.91,11234.99
PFE,Medical,Large Cap Pharmaceuticals,0.55,381030.0,4. p999_trade_value,8.0,7214,40__0,40,2,0.0,14659.7,23000.0,102000.0,380959.71,684424.92,702942.49,704794.25
PGEN,Medical,Medical - Biomedical and Genetics,0.55,14000.0,1. p999999_trade_value,1.0,3,5__0,5,3,0.0,12907.0,13453.5,13890.7,13989.07,13998.91,13999.89,13999.99
PGNY,Medical,Medical Services,0.55,36000.0,1. p999999_trade_value,1.0,58,20__0,20,2,0.0,12975.0,17085.5,27244.8,35124.48,35912.45,35991.24,35999.12
PHAT,Medical,Medical - Biomedical and Genetics,0.55,,,,58,20__0,20,2,0.0,9185.0,14563.75,27435.8,33622.58,34241.26,34303.13,34309.31
PHG,Medical,Medical - Products,0.55,,,,21,15__0,15,3,0.0,10000.0,18480.0,18796.0,18867.1,18874.21,18874.92,18874.99
PHR,Medical,Medical Info Systems,0.55,,,,9,10__0,10,3,0.0,62800.0,66400.0,69280.0,69928.0,69992.8,69999.28,69999.93
PINC,Medical,Medical Services,0.55,,,,21,15__0,15,3,0.0,75000.0,75000.0,75000.0,75000.0,75000.0,75000.0,75000.0
PLRX,Medical,Medical - Biomedical and Genetics,0.55,,,,8,10__0,10,3,0.0,4608.0,4804.0,4960.8,4996.08,4999.61,4999.96,5000.0
PLSE,Medical,Medical - Instruments,0.55,5649.999999999999,8. p75_trade_value,5.0,19,15__0,15,3,0.0,8270.0,8695.0,9739.0,9973.9,9997.39,9999.74,9999.97
PODD,Medical,Medical - Products,0.55,,,,678,30__2,30,2,2.0,17990.0,36560.5,130550.0,212997.5,232799.75,234779.98,234978.0
PPBT,Medical,Medical - Biomedical and Genetics,0.55,5600.0,1. p999999_trade_value,1.0,2,5__0,5,3,0.0,5430.5,5515.25,5583.05,5598.3,5599.83,5599.98,5600.0
PRAX,Medical,Medical - Biomedical and Genetics,0.55,,,,934,30__1,30,2,1.0,12735.0,18151.25,74485.0,2697791.12,3689779.11,3788977.91,3798897.79
PRCT,Medical,Medical - Instruments,0.55,220000.0,5. p99_trade_value,6.0,514,25__2,25,2,2.0,13269.3,31920.5,216360.0,782762.5,800076.25,801807.62,801980.76
PRGO,Medical,Medical - Products,0.55,372900.0,6. p95_trade_value,3.0,51,15__1,15,3,1.0,157710.0,296406.0,818000.0,1161800.0,1196180.0,1199618.0,1199961.8
PRME,Medical,Medical - Biomedical and Genetics,0.55,,,,1,0__0,0,3,0.0,15000.0,15000.0,15000.0,15000.0,15000.0,15000.0,15000.0
PROK,Medical,Medical - Drugs,0.55,,,,2,5__3,5,3,3.0,19468.0,20234.0,20846.8,20984.68,20998.47,20999.85,20999.98
PRQR,Medical,Medical - Biomedical and Genetics,0.55,,,,27,15__0,15,3,0.0,43400.0,48776.0,63366.8,67536.68,67953.67,67995.37,67999.54
PRTA,Medical,Medical - Biomedical and Genetics,0.55,,,,60,20__3,20,2,3.0,34429.8,46059.8,190387.29,251913.73,258066.37,258681.64,258743.16
PRVA,Medical,Medical Info Systems,0.55,50000.0,1. p999999_trade_value,1.0,19,15__0,15,3,0.0,11650.0,19175.0,43835.0,49383.5,49938.35,49993.83,49999.38
PSNL,Medical,Medical - Generic Drugs,0.55,,,,7,10__0,10,3,0.0,29192.4,33976.2,37803.24,38664.32,38750.43,38759.04,38759.9
PTCT,Medical,Medical - Biomedical and Genetics,0.55,,,,44,15__1,15,3,1.0,339500.0,546700.25,646034.65,685603.47,689560.35,689956.03,689995.6
PTGX,Medical,Medical - Biomedical and Genetics,0.55,,,,75,20__3,20,2,3.0,16830.0,43000.0,379824.0,445358.4,451911.84,452567.18,452632.72
PYXS,Medical,Medical - Drugs,0.55,,,,82,20__0,20,2,0.0,15900.0,24000.0,79961.5,113386.15,116728.62,117062.86,117096.29
QDEL,Medical,Medical - Products,0.55,,,,64,20__1,20,2,1.0,84000.0,194500.0,468300.0,519330.0,524433.0,524943.3,524994.33
QGEN,Medical,Medical - Biomedical and Genetics,0.55,12000.0,8. p75_trade_value,16.0,63,20__1,20,2,1.0,63180.0,195279.2,321495.8,461085.08,475044.01,476439.9,476579.49
QIPT,Medical,Medical - Products,0.55,,,,2,5__0,5,3,0.0,4624.5,4637.25,4647.45,4649.75,4649.97,4650.0,4650.0
QNCX,Medical,Medical - Biomedical and Genetics,0.55,,,,1,0__2,0,3,2.0,3020.0,3020.0,3020.0,3020.0,3020.0,3020.0,3020.0
QTTB,Medical,Medical - Biomedical and Genetics,0.55,,,,87,20__0,20,2,0.0,9859.6,14871.5,21642.2,30721.22,31629.12,31719.91,31728.99
QURE,Medical,Medical - Biomedical and Genetics,0.55,60000.0,1. p999999_trade_value,1.0,276,25__0,25,2,0.0,17615.0,29820.0,50452.5,58350.0,59835.0,59983.5,59998.35
RAPP,Medical,Medical - Biomedical and Genetics,0.55,10000.0,1. p999999_trade_value,1.0,1,0__0,0,3,0.0,10000.0,10000.0,10000.0,10000.0,10000.0,10000.0,10000.0
RAPT,Medical,Medical - Biomedical and Genetics,0.55,,,,6,10__0,10,3,0.0,7750.0,8375.0,8875.0,8987.5,8998.75,8999.88,8999.99
RARE,Medical,Medical - Biomedical and Genetics,0.55,185000.0,1. p999999_trade_value,1.0,24,15__0,15,3,0.0,86500.0,96750.0,164875.0,182987.5,184798.75,184979.88,184997.99
RCEL,Medical,Medical - Drugs,0.55,,,,1,0__2,0,3,2.0,6000.0,6000.0,6000.0,6000.0,6000.0,6000.0,6000.0
RCKT,Medical,Medical - Biomedical and Genetics,0.55,,,,17,10__2,10,3,2.0,74000.0,128824.0,189060.8,202614.08,203969.41,204104.94,204118.49
RCUS,Medical,Medical - Biomedical and Genetics,0.55,49335.0,6. p95_trade_value,2.0,39,15__0,15,3,0.0,21496.0,31573.5,64317.3,72581.73,73408.17,73490.82,73499.08
RDNT,Medical,Medical - Outpatient and Home Healthcare,0.55,,,,161,20__3,20,2,3.0,10750.0,40200.0,91200.0,209472.0,229747.2,231774.72,231977.47
REGN,Medical,Medical - Biomedical and Genetics,0.55,683100.0,1. p999999_trade_value,1.0,4286,35__0,35,2,0.0,15000.0,22790.0,57883.5,325800.0,664631.65,681253.17,682915.32
RENB,Medical,Medical - Biomedical and Genetics,0.55,,,,1,0__2,0,3,2.0,4440.0,4440.0,4440.0,4440.0,4440.0,4440.0,4440.0
REPL,Medical,Medical - Biomedical and Genetics,0.55,275000.0,1. p999999_trade_value,1.0,63,20__3,20,2,3.0,8660.0,9435.0,119063.8,259406.38,273440.64,274844.06,274984.41
RFL,Medical,Medical - Drugs,0.55,,,,1,0__2,0,3,2.0,5820.0,5820.0,5820.0,5820.0,5820.0,5820.0,5820.0
RGEN,Medical,Medical - Biomedical and Genetics,0.55,,,,170,20__1,20,2,1.0,25732.0,86970.0,206451.2,908663.6,1029674.36,1041775.44,1042985.54
RGLS,Medical,Medical - Drugs,0.55,7600.0,8. p75_trade_value,6.0,22,15__0,15,3,0.0,12193.5,13853.5,16888.55,17596.35,17667.14,17674.21,17674.92
RGNX,Medical,Medical - Biomedical and Genetics,0.55,4000.0,8. p75_trade_value,5.0,11,10__0,10,3,0.0,4950.0,7287.5,9157.5,9578.25,9620.33,9624.53,9624.95
RIGL,Medical,Medical - Drugs,0.55,11726.0,8. p75_trade_value,2.0,6,10__0,10,3,0.0,14143.0,15351.5,16318.3,16535.83,16557.58,16559.76,16559.98
RLAY,Medical,Medical - Drugs,0.55,5000.0,8. p75_trade_value,4.0,13,10__0,10,3,0.0,11638.0,15708.0,19557.6,20423.76,20510.38,20519.04,20519.9
RLMD,Medical,Medical - Drugs,0.55,,,,19,15__0,15,3,0.0,7376.0,11280.0,11856.0,11985.6,11998.56,11999.86,11999.99
RMD,Medical,Medical - Products,0.55,91840.0,5. p99_trade_value,9.0,879,30__2,30,2,2.0,14527.0,23255.0,80108.8,198473.5,361847.35,378184.73,379818.47
RMTI,Medical,Medical - Products,0.55,,,,1,0__2,0,3,2.0,4190.0,4190.0,4190.0,4190.0,4190.0,4190.0,4190.0
RNA,Medical,Medical - Biomedical and Genetics,0.55,520000.0,1. p999999_trade_value,1.0,78,20__1,20,2,1.0,38025.0,105244.0,350600.0,503060.0,518306.0,519830.6,519983.06
ROIV,Medical,Medical - Biomedical and Genetics,0.55,92463.0,6. p95_trade_value,2.0,34,15__0,15,3,0.0,55232.2,88719.65,117612.79,128761.28,129876.13,129987.61,129998.76
RPRX,Medical,Medical - Biomedical and Genetics,0.55,22140.0,8. p75_trade_value,10.0,40,15__0,15,3,0.0,50119.5,79877.7,124880.0,127688.0,127968.8,127996.88,127999.69
RVMD,Medical,Medical - Biomedical and Genetics,0.55,,,,301,25__0,25,2,0.0,12500.0,17950.0,66900.0,105396.0,117351.6,118547.16,118666.72
RVPH,Medical,Medical - Drugs,0.55,,,,68,20__0,20,2,0.0,10615.0,15950.0,24038.46,24678.85,24742.88,24749.29,24749.93
RVTY,Medical,Medical Services,0.55,52030.00000000001,6. p95_trade_value,3.0,60,20__3,20,2,3.0,12422.1,45351.5,168918.25,317239.83,332071.98,333555.2,333703.52
RXRX,Medical,Medical - Drugs,0.55,135966.0,4. p999_trade_value,2.0,1018,30__2,30,2,2.0,13319.5,20242.5,55306.82,135913.54,337215.74,357721.57,359772.16
RXST,Medical,Medical - Instruments,0.55,9570.0,8. p75_trade_value,78.0,307,25__0,25,2,0.0,17902.0,25677.0,68891.6,92615.64,98415.56,98995.56,99053.56
RYTM,Medical,Medical - Biomedical and Genetics,0.55,,,,56,15__0,15,3,0.0,39810.0,57187.5,82840.5,87340.05,87790.01,87835.0,87839.5
RZLT,Medical,Medical - Biomedical and Genetics,0.55,,,,11,10__0,10,3,0.0,8000.0,18580.0,27044.0,28948.4,29138.84,29157.88,29159.79
SAGE,Medical,Medical - Biomedical and Genetics,0.55,5000.0,8. p75_trade_value,3.0,10,10__0,10,3,0.0,5410.0,5455.0,5491.0,5499.1,5499.91,5499.99,5500.0
SANA,Medical,Medical - Biomedical and Genetics,0.55,,,,89,20__0,20,2,0.0,20432.0,29460.0,61679.2,81011.92,82945.19,83138.52,83157.85
SAVA,Medical,Medical - Drugs,0.55,,,,2893,35__1,35,2,1.0,16800.0,26923.2,90949.68,396093.42,1332110.4,1537211.04,1557721.1
SCPH,Medical,Medical - Biomedical and Genetics,0.55,,,,1,0__2,0,3,2.0,3750.0,3750.0,3750.0,3750.0,3750.0,3750.0,3750.0
SDGR,Medical,Medical Info Systems,0.55,6400.0,8. p75_trade_value,42.0,168,20__0,20,2,0.0,9609.0,13697.0,64388.52,98987.4,104668.74,105236.87,105293.69
SEM,Medical,Medical - HMOs,0.55,,,,32,15__0,15,3,0.0,7450.0,12390.25,41344.15,52374.42,53477.44,53587.74,53598.77
SENS,Medical,Medical Info Systems,0.55,5150.0,1. p999999_trade_value,1.0,4,5__0,5,3,0.0,4715.0,4932.5,5106.5,5145.65,5149.56,5149.96,5150.0
SEPN,Medical,Medical - Biomedical and Genetics,0.55,,,,5,5__0,5,3,0.0,4896.0,5403.0,5808.6,5899.86,5908.99,5909.9,5909.99
SGMO,Medical,Medical - Biomedical and Genetics,0.55,,,,86,20__0,20,2,0.0,11091.0,15197.5,27725.0,36522.5,37402.25,37490.23,37499.02
SGMT,Medical,Medical - Biomedical and Genetics,0.55,,,,55,15__0,15,3,0.0,8402.0,10533.0,33559.4,56590.94,58894.09,59124.41,59147.44
SGRY,Medical,Medical Services,0.55,,,,70,20__0,20,2,0.0,12567.5,30750.0,72291.5,106229.15,109622.91,109962.29,109996.23
SHC,Medical,Medical Services,0.55,28800.0,1. p999999_trade_value,1.0,2,5__3,5,3,3.0,26705.0,27752.5,28590.5,28779.05,28797.91,28799.79,28799.98
SIBN,Medical,Medical - Instruments,0.55,6468.000000000001,1. p999999_trade_value,1.0,2,5__0,5,3,0.0,6185.7,6326.85,6439.77,6465.18,6467.72,6467.97,6468.0
SIGA,Medical,Medical - Drugs,0.55,,,,8,10__0,10,3,0.0,8207.5,9616.25,10743.25,10996.83,11022.18,11024.72,11024.97
SKIN,Medical,Medical Services,0.55,,,,1,0__2,0,3,2.0,3890.0,3890.0,3890.0,3890.0,3890.0,3890.0,3890.0
SKYE,Medical,Medical - Biomedical and Genetics,0.55,,,,2,5__0,5,3,0.0,3953.0,3976.5,3995.3,3999.53,3999.95,4000.0,4000.0
SLDB,Medical,Medical - Biomedical and Genetics,0.55,,,,26,15__0,15,3,0.0,6300.0,6912.5,10750.0,11875.0,11987.5,11998.75,11999.87
SLNO,Medical,Medical - Drugs,0.55,,,,829,30__0,30,2,0.0,24153.6,72991.2,444307.92,702298.18,947144.82,971629.48,974077.95
SLS,Medical,Medical - Biomedical and Genetics,0.55,,,,10,10__0,10,3,0.0,10296.0,11628.0,12693.6,12933.36,12957.34,12959.73,12959.97
SMLR,Medical,Medical - Instruments,0.55,,,,267,25__0,25,2,0.0,15040.0,18700.0,33675.8,106188.0,125818.8,127781.88,127978.19
SMMT,Medical,Medical - Drugs,0.55,255000.0,1. p999999_trade_value,1.0,1407,30__2,30,2,2.0,13662.0,19375.2,37833.0,95074.67,234894.2,252989.42,254798.94
SNDL,Medical,Medical - Products,0.55,,,,3,5__0,5,3,0.0,5612.8,5724.9,5814.58,5834.76,5836.78,5836.98,5837.0
SNDX,Medical,Medical - Biomedical and Genetics,0.55,,,,137,20__3,20,2,3.0,33135.0,61000.0,212385.6,422067.24,447989.72,450581.97,450841.2
SNN,Medical,Medical - Products,0.55,4200.0,1. p999999_trade_value,1.0,1,0__2,0,3,2.0,4200.0,4200.0,4200.0,4200.0,4200.0,4200.0,4200.0
SNY,Medical,Large Cap Pharmaceuticals,0.55,217245.00000000003,1. p999999_trade_value,1.0,208,25__0,25,2,0.0,30000.0,38650.5,78990.03,190569.32,214577.43,216978.24,217218.32
SOLV,Medical,Medical Services,0.55,350000.0,1. p999999_trade_value,1.0,167,20__3,20,2,3.0,9840.0,13850.0,92672.0,318875.0,346887.5,349688.75,349968.87
SOPH,Medical,Medical Info Systems,0.55,,,,2,5__0,5,3,0.0,3975.0,3987.5,3997.5,3999.75,3999.98,4000.0,4000.0
SPRO,Medical,Medical - Biomedical and Genetics,0.55,4470.0,8. p75_trade_value,3.0,10,10__0,10,3,0.0,6855.0,7327.5,7705.5,7790.55,7799.06,7799.91,7799.99
SPRY,Medical,Medical - Drugs,0.55,25000.0,7. p90_trade_value,4.0,37,15__0,15,3,0.0,17938.0,28348.8,38307.84,41630.78,41963.08,41996.31,41999.63
SRPT,Medical,Medical - Biomedical and Genetics,0.55,370000.0,4. p999_trade_value,2.0,1109,30__2,30,2,2.0,13001.0,20656.8,41911.2,349048.0,410014.0,414501.4,414950.14
SRRK,Medical,Medical - Biomedical and Genetics,0.55,,,,270,25__0,25,2,0.0,11565.0,22420.05,144297.0,430481.15,497458.11,504155.81,504825.58
SRTS,Medical,Medical - Instruments,0.55,,,,4,5__0,5,3,0.0,4949.0,4974.5,4994.9,4999.49,4999.95,4999.99,5000.0
STAA,Medical,Medical - Dental Supplies,0.55,11067.0,8. p75_trade_value,17.0,66,20__0,20,2,0.0,19760.0,39315.0,99610.0,158461.0,164346.1,164934.61,164993.46
STE,Medical,Medical - Instruments,0.55,,,,55,15__0,15,3,0.0,15484.0,62245.6,177990.0,181149.0,181464.9,181496.49,181499.65
STIM,Medical,Medical - Instruments,0.55,4600.0,8. p75_trade_value,2.0,5,5__0,5,3,0.0,6040.0,6520.0,6904.0,6990.4,6999.04,6999.9,6999.99
STOK,Medical,Medical - Biomedical and Genetics,0.55,12000.0,1. p999999_trade_value,1.0,5,5__0,5,3,0.0,10800.0,11400.0,11880.0,11988.0,11998.8,11999.88,11999.99
STVN,Medical,Medical - Drugs,0.55,19460.0,1. p999999_trade_value,1.0,2,5__3,5,3,3.0,17829.0,18644.5,19296.9,19443.69,19458.37,19459.84,19459.98
STXS,Medical,Medical - Instruments,0.55,,,,1,0__2,0,3,2.0,5250.0,5250.0,5250.0,5250.0,5250.0,5250.0,5250.0
SUPN,Medical,Medical - Generic Drugs,0.55,10500.0,1. p999999_trade_value,1.0,3,5__0,5,3,0.0,9192.0,9846.0,10369.2,10486.92,10498.69,10499.87,10499.99
SWTX,Medical,Medical - Biomedical and Genetics,0.55,,,,5122,35__1,35,2,1.0,16298.0,26723.5,115773.2,541225.76,1420248.1,1545160.81,1557652.08
SYK,Medical,Medical - Products,0.55,,,,1115,30__2,30,2,2.0,17136.0,29231.6,84165.06,294580.61,335477.83,339547.78,339954.78
SYRE,Medical,Medical - Biomedical and Genetics,0.55,,,,23,15__0,15,3,0.0,11820.0,14646.0,22591.8,24534.18,24728.42,24747.84,24749.78
TALK,Medical,Medical Info Systems,0.55,4750.0,8. p75_trade_value,3.0,11,10__0,10,3,0.0,5000.0,5500.0,5900.0,5990.0,5999.0,5999.9,5999.99
TARA,Medical,Medical - Drugs,0.55,,,,17,10__0,10,3,0.0,7200.0,9932.0,12914.4,13585.44,13652.54,13659.25,13659.93
TARS,Medical,Medical - Biomedical and Genetics,0.55,8880.000000000002,8. p75_trade_value,16.0,64,20__3,20,2,3.0,22387.5,69150.0,219330.0,224433.0,224943.3,224994.33,224999.43
TBPH,Medical,Medical - Drugs,0.55,,,,4,5__3,5,3,3.0,14491.0,15995.5,17199.1,17469.91,17496.99,17499.7,17499.97
TCMD,Medical,Medical - Instruments,0.55,,,,1,0__2,0,3,2.0,7000.0,7000.0,7000.0,7000.0,7000.0,7000.0,7000.0
TDOC,Medical,Medical Services,0.55,,,,743,30__2,30,2,2.0,9942.6,13008.0,30515.0,55134.16,55481.42,55516.14,55519.61
TECH,Medical,Medical - Biomedical and Genetics,0.55,11760.0,7. p90_trade_value,3.0,27,15__0,15,3,0.0,10104.0,16128.0,30765.0,34801.5,35205.15,35245.52,35249.55
TECX,Medical,Medical - Biomedical and Genetics,0.55,,,,8,10__0,10,3,0.0,11175.0,11175.0,11175.0,11175.0,11175.0,11175.0,11175.0
TEM,Medical,Medical Info Systems,0.55,570000.0,3. p9999_trade_value,2.0,16724,40__3,40,2,3.0,16148.8,24488.0,60244.7,209056.85,446969.1,644674.49,658170.45
TERN,Medical,Medical - Biomedical and Genetics,0.55,30000.0,1. p999999_trade_value,1.0,136,20__0,20,2,0.0,10250.0,16068.0,26570.25,29588.25,29958.83,29995.88,29999.59
TEVA,Medical,Medical - Generic Drugs,0.55,1680000.0,4. p999_trade_value,2.0,1087,30__1,30,2,1.0,18322.0,45345.4,174140.0,1625820.0,1766961.42,1776496.54,1777450.05
TFX,Medical,Medical - Instruments,0.55,,,,22,15__0,15,3,0.0,18180.0,18320.0,37422.2,41992.22,42449.22,42494.92,42499.49
TGTX,Medical,Medical - Biomedical and Genetics,0.55,205000.0,1. p999999_trade_value,1.0,1732,30__2,30,2,2.0,13123.5,17500.0,31845.0,78874.1,186824.5,203182.45,204818.24
THC,Medical,Medical - Hospital,0.55,,,,1686,30__2,30,2,2.0,14450.0,26277.5,59872.5,171157.5,272111.5,290461.15,292296.12
THTX,Medical,Medical - Biomedical and Genetics,0.55,5700.0,1. p999999_trade_value,1.0,4,5__0,5,3,0.0,5347.5,5523.75,5664.75,5696.48,5699.65,5699.96,5700.0
TLRY,Medical,Medical - Products,0.55,21965.0,5. p99_trade_value,3.0,271,25__0,25,2,0.0,8500.0,10985.5,21659.1,24762.27,25515.33,25590.63,25598.16
TMDX,Medical,Medical - Instruments,0.55,14250.0,7. p90_trade_value,268.0,2652,35__0,35,2,0.0,14250.0,22654.0,79820.1,498334.5,824094.0,838409.4,839840.94
TMO,Medical,Medical - Instruments,0.55,,,,3837,35__0,35,2,0.0,14248.0,22142.8,70400.0,327306.61,742691.91,866269.19,878626.92
TNDM,Medical,Medical - Instruments,0.55,,,,82,20__3,20,2,3.0,27875.0,61766.25,276850.0,360685.0,369068.5,369906.85,369990.68
TNGX,Medical,Medical - Biomedical and Genetics,0.55,,,,7,10__0,10,3,0.0,10200.0,14100.0,17220.0,17922.0,17992.2,17999.22,17999.92
TNYA,Medical,Medical - Biomedical and Genetics,0.55,,,,9,10__0,10,3,0.0,8269.0,10247.0,11829.4,12185.44,12221.04,12224.6,12224.96
TPST,Medical,Medical - Drugs,0.55,,,,2,5__0,5,3,0.0,7213.0,7431.5,7606.3,7645.63,7649.56,7649.96,7650.0
TRAW,Medical,Medical - Drugs,0.55,,,,24,15__0,15,3,0.0,14800.0,23480.0,35888.0,38868.8,39166.88,39196.69,39199.67
TRDA,Medical,Medical - Biomedical and Genetics,0.55,4860.0,8. p75_trade_value,2.0,7,10__0,10,3,0.0,5362.4,5739.2,6040.64,6108.46,6115.25,6115.92,6115.99
TRML,Medical,Medical - Drugs,0.55,7560.000000000001,1. p999999_trade_value,1.0,1,0__2,0,3,2.0,7560.0,7560.0,7560.0,7560.0,7560.0,7560.0,7560.0
TRVI,Medical,Medical - Biomedical and Genetics,0.55,,,,56,15__0,15,3,0.0,15525.0,23509.25,60400.0,96040.0,99604.0,99960.4,99996.04
TSHA,Medical,Medical - Generic Drugs,0.55,5700.0,1. p999999_trade_value,1.0,1,0__2,0,3,2.0,5700.0,5700.0,5700.0,5700.0,5700.0,5700.0,5700.0
TVTX,Medical,Medical - Biomedical and Genetics,0.55,,,,51,15__0,15,3,0.0,9900.0,16200.0,32362.5,43736.25,44873.62,44987.36,44998.74
TWST,Medical,Medical - Biomedical and Genetics,0.55,375000.0,1. p999999_trade_value,1.0,56,15__0,15,3,0.0,12125.0,20686.25,193500.0,356850.0,373185.0,374818.5,374981.85
TXG,Medical,Medical Info Systems,0.55,,,,19,15__0,15,3,0.0,16148.0,19217.0,37051.4,41064.14,41465.41,41505.54,41509.55
TYRA,Medical,Medical - Biomedical and Genetics,0.55,295000.0,1. p999999_trade_value,1.0,10,10__2,10,3,2.0,177100.0,236050.0,283210.0,293821.0,294882.1,294988.21,294998.82
UHS,Medical,Medical - Hospital,0.55,,,,546,25__2,25,2,2.0,20854.0,42045.0,862950.0,1220755.9,1534175.59,1565517.56,1568651.76
UNH,Medical,Medical - HMOs,0.55,69450.0,5. p99_trade_value,829.0,82845,50__4,50,1,4.0,16195.0,25900.0,69417.0,227750.22,561302.8,1454860.5,1578101.55
URGN,Medical,Medical - Biomedical and Genetics,0.55,8500.0,8. p75_trade_value,123.0,475,25__0,25,2,0.0,11466.0,15555.0,27640.2,111035.1,159603.51,164460.35,164946.04
USNA,Medical,Medical - Drugs,0.55,,,,1,0__2,0,3,2.0,5000.0,5000.0,5000.0,5000.0,5000.0,5000.0,5000.0
USPH,Medical,Medical - Outpatient and Home Healthcare,0.55,,,,11,10__0,10,3,0.0,7790.0,7895.0,7979.0,7997.9,7999.79,7999.98,8000.0
UTHR,Medical,Medical - Drugs,0.55,220000.0,1. p999999_trade_value,1.0,99,20__3,20,2,3.0,16068.0,48510.0,201380.0,218138.0,219813.8,219981.38,219998.14
VCEL,Medical,Medical - Biomedical and Genetics,0.55,17755.0,8. p75_trade_value,10.0,37,15__0,15,3,0.0,39700.0,50472.0,54689.6,55868.96,55986.9,55998.69,55999.87
VCYT,Medical,Medical - Instruments,0.55,,,,42,15__0,15,3,0.0,13326.0,13744.0,66691.6,96669.16,99666.92,99966.69,99996.67
VEEV,Medical,Medical Info Systems,0.55,,,,1937,35__0,35,2,0.0,13703.4,19868.0,43130.4,160840.83,209818.72,217744.37,218536.94
VERA,Medical,Medical - Biomedical and Genetics,0.55,,,,238,25__2,25,2,2.0,21240.0,38150.0,108591.0,1022250.0,1182225.0,1198222.5,1199822.25
VERU,Medical,Medical - Products,0.55,,,,30,15__0,15,3,0.0,9986.6,10110.1,15179.04,17012.3,17195.63,17213.96,17215.8
VERV,Medical,Medical - Drugs,0.55,13100.0,1. p999999_trade_value,1.0,8,10__0,10,3,0.0,10881.0,11990.5,12878.1,13077.81,13097.78,13099.78,13099.98
VIR,Medical,Medical - Biomedical and Genetics,0.55,50000.0,1. p999999_trade_value,1.0,47,15__0,15,3,0.0,10516.0,12000.0,34249.6,48424.96,49842.5,49984.25,49998.42
VKTX,Medical,Medical - Biomedical and Genetics,0.55,,,,8502,40__3,40,2,3.0,16000.0,24896.5,59994.0,192986.0,828239.8,1288823.98,1334882.4
VNDA,Medical,Medical - Biomedical and Genetics,0.55,6370.0,1. p999999_trade_value,1.0,3,5__0,5,3,0.0,5796.0,6083.0,6312.6,6364.26,6369.43,6369.94,6369.99
VRDN,Medical,Medical - Biomedical and Genetics,0.55,18660.0,6. p95_trade_value,4.0,61,20__0,20,2,0.0,14700.0,18660.0,76036.0,106351.6,109383.16,109686.32,109716.63
VRNA,Medical,Medical - Biomedical and Genetics,0.55,,,,1240,30__0,30,2,0.0,23991.6,37596.25,135073.2,1239750.0,1275600.0,1275600.0,1275600.0
VRTX,Medical,Medical - Biomedical and Genetics,0.55,8730.0,8. p75_trade_value,1083.0,4330,35__0,35,2,0.0,16500.0,23038.5,46956.8,224594.25,416212.18,469121.22,474412.12
VSTM,Medical,Medical - Biomedical and Genetics,0.55,,,,28,15__0,15,3,0.0,9965.0,10364.0,13253.7,14150.37,14240.04,14249.0,14249.9
VTRS,Medical,Medical Services,0.55,77952.0,1. p999999_trade_value,1.0,45,15__0,15,3,0.0,27740.8,51966.4,67413.12,76898.11,77846.61,77941.46,77950.95
VTYX,Medical,Medical - Biomedical and Genetics,0.55,,,,6,10__0,10,3,0.0,11200.0,11800.0,12280.0,12388.0,12398.8,12399.88,12399.99
VXRT,Medical,Medical - Drugs,0.55,,,,2,5__0,5,3,0.0,4827.0,4873.5,4910.7,4919.07,4919.91,4919.99,4920.0
VYGR,Medical,Medical - Biomedical and Genetics,0.55,,,,5,5__0,5,3,0.0,13200.0,13350.0,13470.0,13497.0,13499.7,13499.97,13500.0
WAT,Medical,Medical - Instruments,0.55,,,,208,25__2,25,2,2.0,26699.4,43362.85,220149.0,452851.0,472785.1,474778.51,474977.85
WGS,Medical,Medical Services,0.55,,,,2337,35__1,35,2,1.0,17709.4,30580.0,69910.0,425482.56,960864.0,1068086.4,1078808.64
WST,Medical,Medical - Dental Supplies,0.55,25000.0,6. p95_trade_value,20.0,393,25__0,25,2,0.0,15228.0,24700.0,99912.0,577417.6,625821.76,630662.18,631146.22
WVE,Medical,Medical - Biomedical and Genetics,0.55,,,,127,20__0,20,2,0.0,12800.0,14982.0,67452.8,90063.06,91842.31,92020.23,92038.02
XENE,Medical,Medical - Biomedical and Genetics,0.55,490000.0,1. p999999_trade_value,1.0,28,15__1,15,3,1.0,109250.0,192500.0,414400.0,482440.0,489244.0,489924.4,489992.44
XERS,Medical,Medical - Drugs,0.55,5200.0,1. p999999_trade_value,1.0,2,5__0,5,3,0.0,5130.0,5165.0,5193.0,5199.3,5199.93,5199.99,5200.0
XFOR,Medical,Medical - Biomedical and Genetics,0.55,,,,8,10__0,10,3,0.0,6436.5,6945.75,7353.15,7444.82,7453.98,7454.9,7454.99
XRAY,Medical,Medical - Dental Supplies,0.55,,,,21,15__0,15,3,0.0,10000.0,10600.0,14120.0,14912.0,14991.2,14999.12,14999.91
YMAB,Medical,Medical - Biomedical and Genetics,0.55,,,,1,0__2,0,3,2.0,3069.0,3069.0,3069.0,3069.0,3069.0,3069.0,3069.0
ZBH,Medical,Medical - Products,0.55,9750.0,8. p75_trade_value,25.0,98,20__3,20,2,3.0,19667.0,39394.5,196728.16,366676.82,383671.68,385371.17,385541.12
ZIMV,Medical,Medical - Products,0.55,,,,2,5__3,5,3,3.0,18400.0,19200.0,19840.0,19984.0,19998.4,19999.84,19999.98
ZLAB,Medical,Medical - Biomedical and Genetics,0.55,,,,29,15__0,15,3,0.0,7920.0,19520.0,28976.0,30437.6,30583.76,30598.38,30599.84
ZNTL,Medical,Medical - Biomedical and Genetics,0.55,5505.0,8. p75_trade_value,5.0,19,15__0,15,3,0.0,6650.0,9256.0,9299.2,9308.92,9309.89,9309.99,9310.0
ZTS,Medical,Medical - Drugs,0.55,219780.00000000003,5. p99_trade_value,12.0,1142,30__0,30,2,0.0,16165.5,26994.0,219271.6,849403.0,1119635.95,1147413.6,1150191.36
ZVRA,Medical,Medical - Drugs,0.55,,,,40,15__0,15,3,0.0,9948.5,10682.0,13183.0,13288.3,13298.83,13299.88,13299.99
ZYME,Medical,Medical - Biomedical and Genetics,0.55,6720.0,8. p75_trade_value,2.0,8,10__0,10,3,0.0,8256.0,10048.0,11481.6,11804.16,11836.42,11839.64,11839.96
