security,sector,industry,final_cluster,trade_volume_bin,cluster,trade_value_category,category_minimum,category_maximum,option_ticker,security_1,option_type,strike_price,expiration,conditions,correction,exchange,price,sip_timestamp,size,trade_value,data_date,min_trade_value,expiration_days_out,otm_range,option_condition_name,sector_1,industry_1,securty_open,security_high,security_low,security_close,trade_rank,trade_value_log10,number_of_bins,trade_value_bin,itm,itm_expiration_day,itm_expriation_close,otm
AAOI,Computer and Technology,Electronics - Semiconductors,35__0,35,0.0,4. p999_trade_value,278160.0,278160.0,O:AAOI250221C00030000,AAOI,C,30.0,2025-02-21,209,0,318,3.8,1738338128229000000,732,278160.0,2025-01-31,3000.0,30,True,Automatic Execution,Computer and Technology,Electronics - Semiconductors,28.48,29.32,27.41,27.92,2,5.444294677675202,20,1,1,1,0,0
AAOI,Computer and Technology,Electronics - Semiconductors,35__0,35,0.0,1. p999999_trade_value,384784.99999999994,384784.99999999994,O:AAOI250221C00030000,AAOI,C,30.0,2025-02-21,231,0,301,2.05,1738681523816000000,1877,384784.99999999994,2025-02-04,3000.0,30,True,Single Leg Floor Trade,Computer and Technology,Electronics - Semiconductors,24.0,27.59,22.7201,27.115,1,5.585218133677101,20,1,1,1,0,0
ABAT,Computer and Technology,Electronics - Miscellaneous Products,15__0,15,0.0,1. p999999_trade_value,8000.0,8000.0,O:ABAT250117P00002500,ABAT,P,2.5,2025-01-17,209,0,309,0.4,1735225247487000000,200,8000.0,2024-12-26,3000.0,30,True,Automatic Execution,Computer and Technology,Electronics - Miscellaneous Products,2.835,3.85,2.6,3.14,1,3.9030899869919438,20,1,1,1,1,0
ACLS,Computer and Technology,Electronics - Manufacturing Machinery,25__0,25,0.0,1. p999999_trade_value,249000.0,249000.0,O:ACLS250117C00075000,ACLS,C,75.0,2025-01-17,231,0,323,2.0,1735055490877000000,1245,249000.0,2024-12-24,3000.0,30,True,Single Leg Floor Trade,Computer and Technology,Electronics - Manufacturing Machinery,70.83,72.1,69.94,72.1,1,5.396199347095736,20,1,1,0,0,0
AEHR,Computer and Technology,Electronics - Measuring Instruments,20__0,20,0.0,1. p999999_trade_value,26070.000000000004,26070.000000000004,O:AEHR241220C00012500,AEHR,C,12.5,2024-12-20,209,0,303,0.55,1732893429560000000,474,26070.000000000004,2024-11-29,3000.0,30,True,Automatic Execution,Computer and Technology,Electronics - Measuring Instruments,11.81,12.22,11.78,11.89,1,4.416141031168329,20,1,1,1,1,0
AMAT,Computer and Technology,Electronics - Semiconductors,40__0,40,0.0,3. p9999_trade_value,922350.0,922350.0,O:AMAT250221C00180000,AMAT,C,180.0,2025-02-21,229,0,313,5.59,1738089273707000000,1650,922350.0,2025-01-28,3000.0,30,True,Single Leg Cross Non ISO,Computer and Technology,Electronics - Semiconductors,173.75,174.83,170.0,172.85,2,5.96489575210033,20,1,1,0,0,0
AMAT,Computer and Technology,Electronics - Semiconductors,40__0,40,0.0,1. p999999_trade_value,1005000.0,1005000.0,O:AMAT250221P00170000,AMAT,P,170.0,2025-02-21,234,0,301,3.35,1738950967485000000,3000,1005000.0,2025-02-07,3000.0,30,True,Multi Leg Cross,Computer and Technology,Electronics - Semiconductors,183.14,183.54,178.73,180.0,1,6.002166061756507,20,1,1,0,0,0
AMBA,Computer and Technology,Electronics - Semiconductors,25__0,25,0.0,7. p90_trade_value,12000.0,18060.0,O:AMBA240830C00054000,AMBA,C,54.0,2024-08-30,209,0,319,3.3,1724788627727000000,48,15839.999999999998,2024-08-27,3000.0,30,True,Automatic Execution,Computer and Technology,Electronics - Semiconductors,50.85,53.36,50.61,52.79,33,4.199755177253475,20,2,1,1,1,0
AMBA,Computer and Technology,Electronics - Semiconductors,25__0,25,0.0,6. p95_trade_value,18467.0,28750.0,O:AMBA240830C00060000,AMBA,C,60.0,2024-08-30,227,0,323,1.32,1724788314199000000,197,26004.000000000004,2024-08-27,3000.0,30,True,Single Leg Auction Non ISO,Computer and Technology,Electronics - Semiconductors,50.85,53.36,50.61,52.79,9,4.415040157367443,20,1,1,1,0,0
AMBA,Computer and Technology,Electronics - Semiconductors,25__0,25,0.0,8. p75_trade_value,7400.0,11900.0,O:AMBA240830C00060000,AMBA,C,60.0,2024-08-30,227,0,323,1.3,1724788359991000000,90,11700.0,2024-08-27,3000.0,30,True,Single Leg Auction Non ISO,Computer and Technology,Electronics - Semiconductors,50.85,53.36,50.61,52.79,62,4.068185861746161,20,3,1,1,0,0
AMBA,Computer and Technology,Electronics - Semiconductors,25__0,25,0.0,6. p95_trade_value,18467.0,28750.0,O:AMBA240906C00055000,AMBA,C,55.0,2024-09-06,227,0,323,3.16,1724788748604000000,65,20540.0,2024-08-27,3000.0,30,True,Single Leg Auction Non ISO,Computer and Technology,Electronics - Semiconductors,50.85,53.36,50.61,52.79,19,4.312600439261259,20,1,1,0,0,0
AMBA,Computer and Technology,Electronics - Semiconductors,25__0,25,0.0,8. p75_trade_value,7400.0,11900.0,O:AMBA240920C00056000,AMBA,C,56.0,2024-09-20,227,0,323,2.95,1724782651042000000,36,10620.0,2024-08-27,3000.0,30,True,Single Leg Auction Non ISO,Computer and Technology,Electronics - Semiconductors,50.85,53.36,50.61,52.79,71,4.02612451674545,20,3,1,0,0,0
AMBA,Computer and Technology,Electronics - Semiconductors,25__0,25,0.0,8. p75_trade_value,7400.0,11900.0,O:AMBA240920C00060000,AMBA,C,60.0,2024-09-20,209,0,308,1.8,1724788533316000000,50,9000.0,2024-08-27,3000.0,30,True,Automatic Execution,Computer and Technology,Electronics - Semiconductors,50.85,53.36,50.61,52.79,99,3.9542425094393248,20,4,1,0,0,0
AMBA,Computer and Technology,Electronics - Semiconductors,25__0,25,0.0,6. p95_trade_value,18467.0,28750.0,O:AMBA240920C00060000,AMBA,C,60.0,2024-09-20,209,0,300,2.5,1724938211067000000,100,25000.0,2024-08-29,3000.0,30,True,Automatic Execution,Computer and Technology,Electronics - Semiconductors,59.0,59.82,56.5701,59.28,10,4.3979400086720375,20,1,1,0,0,0
AMBA,Computer and Technology,Electronics - Semiconductors,25__0,25,0.0,8. p75_trade_value,7400.0,11900.0,O:AMBA240913P00055000,AMBA,P,55.0,2024-09-13,209,0,315,1.4,1725387260363000000,73,10219.999999999998,2024-09-03,3000.0,30,True,Automatic Execution,Computer and Technology,Electronics - Semiconductors,58.35,58.935,55.34,55.54,76,4.009450895798694,20,3,1,1,1,0
AMBA,Computer and Technology,Electronics - Semiconductors,25__0,25,0.0,7. p90_trade_value,12000.0,18060.0,O:AMBA240913P00055000,AMBA,P,55.0,2024-09-13,209,0,316,1.4,1725387260362000000,124,17360.0,2024-09-03,3000.0,30,True,Automatic Execution,Computer and Technology,Electronics - Semiconductors,58.35,58.935,55.34,55.54,31,4.239549720840473,20,2,1,1,1,0
AMBA,Computer and Technology,Electronics - Semiconductors,25__0,25,0.0,7. p90_trade_value,12000.0,18060.0,O:AMBA241018C00060000,AMBA,C,60.0,2024-10-18,227,0,323,0.97,1728590172339000000,183,17751.0,2024-10-10,3000.0,30,True,Single Leg Auction Non ISO,Computer and Technology,Electronics - Semiconductors,57.89,59.425,57.6,58.82,30,4.249222823996674,20,2,1,0,0,0
AMBA,Computer and Technology,Electronics - Semiconductors,25__0,25,0.0,8. p75_trade_value,7400.0,11900.0,O:AMBA241115C00065000,AMBA,C,65.0,2024-11-15,209,0,313,0.55,1730491184312000000,151,8305.000000000002,2024-11-01,3000.0,30,True,Automatic Execution,Computer and Technology,Electronics - Semiconductors,56.54,58.472,56.54,57.87,114,3.9193396367874134,20,5,0,0,0,1
AMBA,Computer and Technology,Electronics - Semiconductors,25__0,25,0.0,8. p75_trade_value,7400.0,11900.0,O:AMBA241129C00070000,AMBA,C,70.0,2024-11-29,209,0,308,0.9,1731527100999000000,100,9000.0,2024-11-13,3000.0,30,True,Automatic Execution,Computer and Technology,Electronics - Semiconductors,59.64,60.19,57.96,58.22,101,3.9542425094393248,20,4,1,1,1,0
AMBA,Computer and Technology,Electronics - Semiconductors,25__0,25,0.0,8. p75_trade_value,7400.0,11900.0,O:AMBA241213C00065000,AMBA,C,65.0,2024-12-13,209,0,316,2.63,1731596188007000000,30,7889.999999999999,2024-11-14,3000.0,30,True,Automatic Execution,Computer and Technology,Electronics - Semiconductors,58.56,59.245,57.94,58.5,122,3.89707700320942,20,5,1,1,1,0
AMBA,Computer and Technology,Electronics - Semiconductors,25__0,25,0.0,8. p75_trade_value,7400.0,11900.0,O:AMBA241129C00070000,AMBA,C,70.0,2024-11-29,232,0,322,0.87,1732029936957000000,100,8700.0,2024-11-19,3000.0,30,True,Multi Leg auto-electronic trade,Computer and Technology,Electronics - Semiconductors,56.78,59.14,56.78,59.03,104,3.9395192526186187,20,4,1,1,1,0
AMBA,Computer and Technology,Electronics - Semiconductors,25__0,25,0.0,6. p95_trade_value,18467.0,28750.0,O:AMBA241206C00065000,AMBA,C,65.0,2024-12-06,232,0,322,2.0,1732029936956000000,100,20000.0,2024-11-19,3000.0,30,True,Multi Leg auto-electronic trade,Computer and Technology,Electronics - Semiconductors,56.78,59.14,56.78,59.03,21,4.301029995663981,20,1,1,1,1,0
AMBA,Computer and Technology,Electronics - Semiconductors,25__0,25,0.0,7. p90_trade_value,12000.0,18060.0,O:AMBA241220C00065000,AMBA,C,65.0,2024-12-20,233,0,302,2.5,1732123378397000000,50,12500.0,2024-11-20,3000.0,30,True,Multi Leg Auction,Computer and Technology,Electronics - Semiconductors,58.66,59.21,57.85,59.07,49,4.096910013008056,20,2,1,1,1,0
AMBA,Computer and Technology,Electronics - Semiconductors,25__0,25,0.0,7. p90_trade_value,12000.0,18060.0,O:AMBA241220C00065000,AMBA,C,65.0,2024-12-20,233,0,302,2.5,1732123378397000000,50,12500.0,2024-11-20,3000.0,30,True,Multi Leg Auction,Computer and Technology,Electronics - Semiconductors,58.66,59.21,57.85,59.07,48,4.096910013008056,20,2,1,1,1,0
AMBA,Computer and Technology,Electronics - Semiconductors,25__0,25,0.0,8. p75_trade_value,7400.0,11900.0,O:AMBA241129C00070000,AMBA,C,70.0,2024-11-29,209,0,308,1.5,1732212277003000000,76,11400.0,2024-11-21,3000.0,30,True,Automatic Execution,Computer and Technology,Electronics - Semiconductors,60.0,61.835,59.07,61.3,67,4.056904851336473,20,3,1,1,1,0
AMBA,Computer and Technology,Electronics - Semiconductors,25__0,25,0.0,8. p75_trade_value,7400.0,11900.0,O:AMBA241129P00050000,AMBA,P,50.0,2024-11-29,232,0,312,0.65,1732213378456000000,130,8450.0,2024-11-21,3000.0,30,True,Multi Leg auto-electronic trade,Computer and Technology,Electronics - Semiconductors,60.0,61.835,59.07,61.3,108,3.926856708949692,20,4,0,0,0,1
AMBA,Computer and Technology,Electronics - Semiconductors,25__0,25,0.0,7. p90_trade_value,12000.0,18060.0,O:AMBA241129P00057000,AMBA,P,57.0,2024-11-29,232,0,308,1.67,1732299960866000000,77,12859.0,2024-11-22,3000.0,30,True,Multi Leg auto-electronic trade,Computer and Technology,Electronics - Semiconductors,61.43,63.82,61.385,63.62,46,4.109207196320066,20,2,0,0,0,1
AMBA,Computer and Technology,Electronics - Semiconductors,25__0,25,0.0,8. p75_trade_value,7400.0,11900.0,O:AMBA241129C00070000,AMBA,C,70.0,2024-11-29,209,0,319,3.4,1732551220728000000,35,11900.0,2024-11-25,3000.0,30,True,Automatic Execution,Computer and Technology,Electronics - Semiconductors,64.5,68.06,64.495,67.29,59,4.075546961392531,20,3,1,1,1,0
AMBA,Computer and Technology,Electronics - Semiconductors,25__0,25,0.0,6. p95_trade_value,18467.0,28750.0,O:AMBA241129C00072000,AMBA,C,72.0,2024-11-29,209,0,313,2.7,1732551139144000000,84,22680.0,2024-11-25,3000.0,30,True,Automatic Execution,Computer and Technology,Electronics - Semiconductors,64.5,68.06,64.495,67.29,14,4.355643050220869,20,1,1,1,0,0
AMBA,Computer and Technology,Electronics - Semiconductors,25__0,25,0.0,8. p75_trade_value,7400.0,11900.0,O:AMBA241220C00070000,AMBA,C,70.0,2024-12-20,209,0,300,4.3,1732560038566000000,21,9030.0,2024-11-25,3000.0,30,True,Automatic Execution,Computer and Technology,Electronics - Semiconductors,64.5,68.06,64.495,67.29,98,3.9556877503135057,20,4,1,1,1,0
AMBA,Computer and Technology,Electronics - Semiconductors,25__0,25,0.0,8. p75_trade_value,7400.0,11900.0,O:AMBA241220C00070000,AMBA,C,70.0,2024-12-20,227,0,323,4.1,1732561535461000000,20,8200.0,2024-11-25,3000.0,30,True,Single Leg Auction Non ISO,Computer and Technology,Electronics - Semiconductors,64.5,68.06,64.495,67.29,115,3.9138138523837167,20,5,1,1,1,0
AMBA,Computer and Technology,Electronics - Semiconductors,25__0,25,0.0,8. p75_trade_value,7400.0,11900.0,O:AMBA241220C00075000,AMBA,C,75.0,2024-12-20,232,0,308,2.63,1732554306582000000,40,10519.999999999998,2024-11-25,3000.0,30,True,Multi Leg auto-electronic trade,Computer and Technology,Electronics - Semiconductors,64.5,68.06,64.495,67.29,73,4.0220157398177205,20,3,1,0,0,0
AMBA,Computer and Technology,Electronics - Semiconductors,25__0,25,0.0,8. p75_trade_value,7400.0,11900.0,O:AMBA241220C00075000,AMBA,C,75.0,2024-12-20,232,0,304,2.63,1732554306645000000,32,8416.0,2024-11-25,3000.0,30,True,Multi Leg auto-electronic trade,Computer and Technology,Electronics - Semiconductors,64.5,68.06,64.495,67.29,110,3.925105726809664,20,5,1,0,0,0
AMBA,Computer and Technology,Electronics - Semiconductors,25__0,25,0.0,5. p99_trade_value,32500.0,140700.0,O:AMBA241129C00070000,AMBA,C,70.0,2024-11-29,232,0,312,4.08,1732654281426000000,100,40800.0,2024-11-26,3000.0,30,True,Multi Leg auto-electronic trade,Computer and Technology,Electronics - Semiconductors,68.06,69.55,66.985,68.41,4,4.61066016308988,20,1,1,1,1,0
AMBA,Computer and Technology,Electronics - Semiconductors,25__0,25,0.0,8. p75_trade_value,7400.0,11900.0,O:AMBA241129C00070000,AMBA,C,70.0,2024-11-29,209,0,308,4.2,1732654355640000000,20,8400.0,2024-11-26,3000.0,30,True,Automatic Execution,Computer and Technology,Electronics - Semiconductors,68.06,69.55,66.985,68.41,111,3.9242792860618816,20,5,1,1,1,0
AMBA,Computer and Technology,Electronics - Semiconductors,25__0,25,0.0,6. p95_trade_value,18467.0,28750.0,O:AMBA241129C00070000,AMBA,C,70.0,2024-11-29,227,0,323,3.86,1732637728997000000,50,19300.0,2024-11-26,3000.0,30,True,Single Leg Auction Non ISO,Computer and Technology,Electronics - Semiconductors,68.06,69.55,66.985,68.41,26,4.285557309007774,20,1,1,1,1,0
AMBA,Computer and Technology,Electronics - Semiconductors,25__0,25,0.0,8. p75_trade_value,7400.0,11900.0,O:AMBA241129C00070000,AMBA,C,70.0,2024-11-29,209,0,320,3.4,1732631743294000000,22,7480.0,2024-11-26,3000.0,30,True,Automatic Execution,Computer and Technology,Electronics - Semiconductors,68.06,69.55,66.985,68.41,134,3.8739015978644615,20,5,1,1,1,0
AMBA,Computer and Technology,Electronics - Semiconductors,25__0,25,0.0,8. p75_trade_value,7400.0,11900.0,O:AMBA241129C00070000,AMBA,C,70.0,2024-11-29,232,0,323,3.89,1732645536840000000,20,7780.0,2024-11-26,3000.0,30,True,Multi Leg auto-electronic trade,Computer and Technology,Electronics - Semiconductors,68.06,69.55,66.985,68.41,128,3.890979596989689,20,5,1,1,1,0
AMBA,Computer and Technology,Electronics - Semiconductors,25__0,25,0.0,8. p75_trade_value,7400.0,11900.0,O:AMBA241129C00070000,AMBA,C,70.0,2024-11-29,227,0,304,3.9,1732653439260000000,20,7800.0,2024-11-26,3000.0,30,True,Single Leg Auction Non ISO,Computer and Technology,Electronics - Semiconductors,68.06,69.55,66.985,68.41,126,3.8920946026904804,20,5,1,1,1,0
AMBA,Computer and Technology,Electronics - Semiconductors,25__0,25,0.0,8. p75_trade_value,7400.0,11900.0,O:AMBA241129C00070000,AMBA,C,70.0,2024-11-29,227,0,304,3.9,1732653439260000000,20,7800.0,2024-11-26,3000.0,30,True,Single Leg Auction Non ISO,Computer and Technology,Electronics - Semiconductors,68.06,69.55,66.985,68.41,125,3.8920946026904804,20,5,1,1,1,0
AMBA,Computer and Technology,Electronics - Semiconductors,25__0,25,0.0,8. p75_trade_value,7400.0,11900.0,O:AMBA241129C00070000,AMBA,C,70.0,2024-11-29,231,0,301,3.9,1732637574607000000,20,7800.0,2024-11-26,3000.0,30,True,Single Leg Floor Trade,Computer and Technology,Electronics - Semiconductors,68.06,69.55,66.985,68.41,124,3.8920946026904804,20,5,1,1,1,0
AMBA,Computer and Technology,Electronics - Semiconductors,25__0,25,0.0,8. p75_trade_value,7400.0,11900.0,O:AMBA241129C00070000,AMBA,C,70.0,2024-11-29,227,0,323,3.73,1732651685785000000,26,9698.0,2024-11-26,3000.0,30,True,Single Leg Auction Non ISO,Computer and Technology,Electronics - Semiconductors,68.06,69.55,66.985,68.41,85,3.9866821797795056,20,4,1,1,1,0
AMBA,Computer and Technology,Electronics - Semiconductors,25__0,25,0.0,6. p95_trade_value,18467.0,28750.0,O:AMBA241129C00070000,AMBA,C,70.0,2024-11-29,227,0,323,3.86,1732642717978000000,50,19300.0,2024-11-26,3000.0,30,True,Single Leg Auction Non ISO,Computer and Technology,Electronics - Semiconductors,68.06,69.55,66.985,68.41,25,4.285557309007774,20,1,1,1,1,0
AMBA,Computer and Technology,Electronics - Semiconductors,25__0,25,0.0,7. p90_trade_value,12000.0,18060.0,O:AMBA241129C00072000,AMBA,C,72.0,2024-11-29,231,0,301,3.4,1732635614403000000,50,17000.0,2024-11-26,3000.0,30,True,Single Leg Floor Trade,Computer and Technology,Electronics - Semiconductors,68.06,69.55,66.985,68.41,32,4.230448921378274,20,2,1,1,0,0
AMBA,Computer and Technology,Electronics - Semiconductors,25__0,25,0.0,8. p75_trade_value,7400.0,11900.0,O:AMBA241129C00075000,AMBA,C,75.0,2024-11-29,232,0,308,1.93,1732633176606000000,41,7913.0,2024-11-26,3000.0,30,True,Multi Leg auto-electronic trade,Computer and Technology,Electronics - Semiconductors,68.06,69.55,66.985,68.41,121,3.8983411657275093,20,5,1,0,0,0
AMBA,Computer and Technology,Electronics - Semiconductors,25__0,25,0.0,6. p95_trade_value,18467.0,28750.0,O:AMBA241129C00075000,AMBA,C,75.0,2024-11-29,232,0,312,2.33,1732654281426000000,100,23300.0,2024-11-26,3000.0,30,True,Multi Leg auto-electronic trade,Computer and Technology,Electronics - Semiconductors,68.06,69.55,66.985,68.41,13,4.367355921026019,20,1,1,0,0,0
AMBA,Computer and Technology,Electronics - Semiconductors,25__0,25,0.0,8. p75_trade_value,7400.0,11900.0,O:AMBA241129C00075000,AMBA,C,75.0,2024-11-29,232,0,308,1.93,1732633176606000000,59,11386.999999999998,2024-11-26,3000.0,30,True,Multi Leg auto-electronic trade,Computer and Technology,Electronics - Semiconductors,68.06,69.55,66.985,68.41,68,4.056409320649918,20,3,1,0,0,0
AMBA,Computer and Technology,Electronics - Semiconductors,25__0,25,0.0,8. p75_trade_value,7400.0,11900.0,O:AMBA241129C00076000,AMBA,C,76.0,2024-11-29,232,0,308,1.66,1732633176606000000,59,9794.0,2024-11-26,3000.0,30,True,Multi Leg auto-electronic trade,Computer and Technology,Electronics - Semiconductors,68.06,69.55,66.985,68.41,82,3.9909600996821992,20,3,1,0,0,0
AMBA,Computer and Technology,Electronics - Semiconductors,25__0,25,0.0,7. p90_trade_value,12000.0,18060.0,O:AMBA241129P00063000,AMBA,P,63.0,2024-11-29,227,0,323,2.4,1732654462813000000,50,12000.0,2024-11-26,3000.0,30,True,Single Leg Auction Non ISO,Computer and Technology,Electronics - Semiconductors,68.06,69.55,66.985,68.41,52,4.079181246047625,20,2,0,0,0,1
AMBA,Computer and Technology,Electronics - Semiconductors,25__0,25,0.0,8. p75_trade_value,7400.0,11900.0,O:AMBA241206C00070000,AMBA,C,70.0,2024-12-06,227,0,323,4.5,1732635826773000000,22,9900.0,2024-11-26,3000.0,30,True,Single Leg Auction Non ISO,Computer and Technology,Electronics - Semiconductors,68.06,69.55,66.985,68.41,79,3.99563519459755,20,3,1,1,1,0
AMBA,Computer and Technology,Electronics - Semiconductors,25__0,25,0.0,8. p75_trade_value,7400.0,11900.0,O:AMBA241206C00070000,AMBA,C,70.0,2024-12-06,232,0,323,4.19,1732645536840000000,20,8380.000000000002,2024-11-26,3000.0,30,True,Multi Leg auto-electronic trade,Computer and Technology,Electronics - Semiconductors,68.06,69.55,66.985,68.41,113,3.9232440186302764,20,5,1,1,1,0
AMBA,Computer and Technology,Electronics - Semiconductors,25__0,25,0.0,8. p75_trade_value,7400.0,11900.0,O:AMBA241206C00080000,AMBA,C,80.0,2024-12-06,209,0,303,1.2,1732632122315000000,80,9600.0,2024-11-26,3000.0,30,True,Automatic Execution,Computer and Technology,Electronics - Semiconductors,68.06,69.55,66.985,68.41,88,3.9822712330395684,20,4,1,0,0,0
AMBA,Computer and Technology,Electronics - Semiconductors,25__0,25,0.0,6. p95_trade_value,18467.0,28750.0,O:AMBA241220C00070000,AMBA,C,70.0,2024-12-20,227,0,302,4.5,1732642691113000000,50,22500.0,2024-11-26,3000.0,30,True,Single Leg Auction Non ISO,Computer and Technology,Electronics - Semiconductors,68.06,69.55,66.985,68.41,15,4.352182518111363,20,1,1,1,1,0
AMBA,Computer and Technology,Electronics - Semiconductors,25__0,25,0.0,8. p75_trade_value,7400.0,11900.0,O:AMBA241220C00070000,AMBA,C,70.0,2024-12-20,227,0,323,4.64,1732637712335000000,25,11599.999999999998,2024-11-26,3000.0,30,True,Single Leg Auction Non ISO,Computer and Technology,Electronics - Semiconductors,68.06,69.55,66.985,68.41,63,4.064457989226918,20,3,1,1,1,0
AMBA,Computer and Technology,Electronics - Semiconductors,25__0,25,0.0,8. p75_trade_value,7400.0,11900.0,O:AMBA241220C00070000,AMBA,C,70.0,2024-12-20,232,0,308,4.57,1732633341443000000,17,7769.0,2024-11-26,3000.0,30,True,Multi Leg auto-electronic trade,Computer and Technology,Electronics - Semiconductors,68.06,69.55,66.985,68.41,129,3.890365121448124,20,5,1,1,1,0
AMBA,Computer and Technology,Electronics - Semiconductors,25__0,25,0.0,7. p90_trade_value,12000.0,18060.0,O:AMBA241220C00070000,AMBA,C,70.0,2024-12-20,227,0,312,4.3,1732651666837000000,42,18060.0,2024-11-26,3000.0,30,True,Single Leg Auction Non ISO,Computer and Technology,Electronics - Semiconductors,68.06,69.55,66.985,68.41,29,4.256717745977487,20,2,1,1,1,0
AMBA,Computer and Technology,Electronics - Semiconductors,25__0,25,0.0,8. p75_trade_value,7400.0,11900.0,O:AMBA241220C00080000,AMBA,C,80.0,2024-12-20,227,0,323,2.05,1732654577963000000,50,10249.999999999998,2024-11-26,3000.0,30,True,Single Leg Auction Non ISO,Computer and Technology,Electronics - Semiconductors,68.06,69.55,66.985,68.41,75,4.010723865391773,20,3,1,0,0,0
AMBA,Computer and Technology,Electronics - Semiconductors,25__0,25,0.0,8. p75_trade_value,7400.0,11900.0,O:AMBA241220C00080000,AMBA,C,80.0,2024-12-20,227,0,323,1.93,1732654090347000000,50,9650.0,2024-11-26,3000.0,30,True,Single Leg Auction Non ISO,Computer and Technology,Electronics - Semiconductors,68.06,69.55,66.985,68.41,87,3.9845273133437926,20,4,1,0,0,0
AMBA,Computer and Technology,Electronics - Semiconductors,25__0,25,0.0,8. p75_trade_value,7400.0,11900.0,O:AMBA241220C00080000,AMBA,C,80.0,2024-12-20,209,0,325,2.0,1732654053837000000,50,10000.0,2024-11-26,3000.0,30,True,Automatic Execution,Computer and Technology,Electronics - Semiconductors,68.06,69.55,66.985,68.41,77,4.0,20,3,1,0,0,0
AMBA,Computer and Technology,Electronics - Semiconductors,25__0,25,0.0,8. p75_trade_value,7400.0,11900.0,O:AMBA241220P00065000,AMBA,P,65.0,2024-12-20,209,0,316,3.1,1732638480599000000,30,9300.0,2024-11-26,3000.0,30,True,Automatic Execution,Computer and Technology,Electronics - Semiconductors,68.06,69.55,66.985,68.41,95,3.9684829485539352,20,4,0,0,0,1
AMBA,Computer and Technology,Electronics - Semiconductors,25__0,25,0.0,7. p90_trade_value,12000.0,18060.0,O:AMBA241129C00085000,AMBA,C,85.0,2024-11-29,209,0,316,1.36,1732717920011000000,100,13600.0,2024-11-27,3000.0,30,True,Automatic Execution,Computer and Technology,Electronics - Semiconductors,79.78,81.32,71.1842,72.44,42,4.133538908370218,20,2,0,0,0,1
AMBA,Computer and Technology,Electronics - Semiconductors,25__0,25,0.0,8. p75_trade_value,7400.0,11900.0,O:AMBA241213C00072000,AMBA,C,72.0,2024-12-13,209,0,308,1.35,1733150458708000000,80,10800.0,2024-12-02,3000.0,30,True,Automatic Execution,Computer and Technology,Electronics - Semiconductors,70.63,71.8335,69.03,70.17,70,4.033423755486949,20,3,1,1,1,0
AMBA,Computer and Technology,Electronics - Semiconductors,25__0,25,0.0,8. p75_trade_value,7400.0,11900.0,O:AMBA241213C00072000,AMBA,C,72.0,2024-12-13,209,0,304,2.0,1733153937084000000,50,10000.0,2024-12-02,3000.0,30,True,Automatic Execution,Computer and Technology,Electronics - Semiconductors,70.63,71.8335,69.03,70.17,78,4.0,20,3,1,1,1,0
AMBA,Computer and Technology,Electronics - Semiconductors,25__0,25,0.0,8. p75_trade_value,7400.0,11900.0,O:AMBA241213C00072000,AMBA,C,72.0,2024-12-13,227,0,301,1.97,1733153968649000000,49,9653.0,2024-12-02,3000.0,30,True,Single Leg Auction Non ISO,Computer and Technology,Electronics - Semiconductors,70.63,71.8335,69.03,70.17,86,3.9846623061901068,20,4,1,1,1,0
AMBA,Computer and Technology,Electronics - Semiconductors,25__0,25,0.0,8. p75_trade_value,7400.0,11900.0,O:AMBA241213C00072000,AMBA,C,72.0,2024-12-13,209,0,323,1.9,1733153723622000000,50,9500.0,2024-12-02,3000.0,30,True,Automatic Execution,Computer and Technology,Electronics - Semiconductors,70.63,71.8335,69.03,70.17,89,3.9777236052888476,20,4,1,1,1,0
AMBA,Computer and Technology,Electronics - Semiconductors,25__0,25,0.0,8. p75_trade_value,7400.0,11900.0,O:AMBA241213C00072000,AMBA,C,72.0,2024-12-13,209,0,303,2.05,1733153905738000000,39,7994.999999999999,2024-12-02,3000.0,30,True,Automatic Execution,Computer and Technology,Electronics - Semiconductors,70.63,71.8335,69.03,70.17,119,3.9028184680822533,20,5,1,1,1,0
AMBA,Computer and Technology,Electronics - Semiconductors,25__0,25,0.0,8. p75_trade_value,7400.0,11900.0,O:AMBA241213C00072000,AMBA,C,72.0,2024-12-13,209,0,323,1.9,1733152305858000000,60,11400.0,2024-12-02,3000.0,30,True,Automatic Execution,Computer and Technology,Electronics - Semiconductors,70.63,71.8335,69.03,70.17,66,4.056904851336473,20,3,1,1,1,0
AMBA,Computer and Technology,Electronics - Semiconductors,25__0,25,0.0,8. p75_trade_value,7400.0,11900.0,O:AMBA241213C00072000,AMBA,C,72.0,2024-12-13,209,0,308,1.95,1733153725762000000,44,8580.0,2024-12-02,3000.0,30,True,Automatic Execution,Computer and Technology,Electronics - Semiconductors,70.63,71.8335,69.03,70.17,105,3.9334872878487053,20,4,1,1,1,0
AMBA,Computer and Technology,Electronics - Semiconductors,25__0,25,0.0,8. p75_trade_value,7400.0,11900.0,O:AMBA241213P00068000,AMBA,P,68.0,2024-12-13,209,0,313,0.5,1733518374754000000,164,8200.0,2024-12-06,3000.0,30,True,Automatic Execution,Computer and Technology,Electronics - Semiconductors,69.51,71.93,68.9744,71.7,116,3.9138138523837167,20,5,0,0,0,1
AMBA,Computer and Technology,Electronics - Semiconductors,25__0,25,0.0,6. p95_trade_value,18467.0,28750.0,O:AMBA250110C00076000,AMBA,C,76.0,2025-01-10,209,0,308,2.6,1733948775026000000,74,19240.0,2024-12-11,3000.0,30,True,Automatic Execution,Computer and Technology,Electronics - Semiconductors,73.47,74.48,71.2,72.31,27,4.284205067701794,20,1,1,1,0,0
AMBA,Computer and Technology,Electronics - Semiconductors,25__0,25,0.0,6. p95_trade_value,18467.0,28750.0,O:AMBA250110C00076000,AMBA,C,76.0,2025-01-10,209,0,308,2.6,1733948794290000000,75,19500.0,2024-12-11,3000.0,30,True,Automatic Execution,Computer and Technology,Electronics - Semiconductors,73.47,74.48,71.2,72.31,23,4.290034611362518,20,1,1,1,0,0
AMBA,Computer and Technology,Electronics - Semiconductors,25__0,25,0.0,6. p95_trade_value,18467.0,28750.0,O:AMBA250110C00076000,AMBA,C,76.0,2025-01-10,209,0,308,2.5,1733948747176000000,82,20500.0,2024-12-11,3000.0,30,True,Automatic Execution,Computer and Technology,Electronics - Semiconductors,73.47,74.48,71.2,72.31,20,4.311753861055754,20,1,1,1,0,0
AMBA,Computer and Technology,Electronics - Semiconductors,25__0,25,0.0,8. p75_trade_value,7400.0,11900.0,O:AMBA250110C00076000,AMBA,C,76.0,2025-01-10,209,0,308,2.55,1733948768830000000,30,7650.0,2024-12-11,3000.0,30,True,Automatic Execution,Computer and Technology,Electronics - Semiconductors,73.47,74.48,71.2,72.31,131,3.8836614351536176,20,5,1,1,0,0
AMBA,Computer and Technology,Electronics - Semiconductors,25__0,25,0.0,6. p95_trade_value,18467.0,28750.0,O:AMBA250110C00076000,AMBA,C,76.0,2025-01-10,209,0,308,2.4,1733948734187000000,100,24000.0,2024-12-11,3000.0,30,True,Automatic Execution,Computer and Technology,Electronics - Semiconductors,73.47,74.48,71.2,72.31,12,4.380211241711606,20,1,1,1,0,0
AMBA,Computer and Technology,Electronics - Semiconductors,25__0,25,0.0,6. p95_trade_value,18467.0,28750.0,O:AMBA250110C00076000,AMBA,C,76.0,2025-01-10,209,0,308,2.5,1733948744223000000,115,28750.0,2024-12-11,3000.0,30,True,Automatic Execution,Computer and Technology,Electronics - Semiconductors,73.47,74.48,71.2,72.31,7,4.458637849025649,20,1,1,1,0,0
AMBA,Computer and Technology,Electronics - Semiconductors,25__0,25,0.0,6. p95_trade_value,18467.0,28750.0,O:AMBA250110C00076000,AMBA,C,76.0,2025-01-10,209,0,308,2.5,1733948738400000000,99,24750.0,2024-12-11,3000.0,30,True,Automatic Execution,Computer and Technology,Electronics - Semiconductors,73.47,74.48,71.2,72.31,11,4.393575203269587,20,1,1,1,0,0
AMBA,Computer and Technology,Electronics - Semiconductors,25__0,25,0.0,8. p75_trade_value,7400.0,11900.0,O:AMBA250110C00076000,AMBA,C,76.0,2025-01-10,209,0,308,2.6,1733948775026000000,33,8580.0,2024-12-11,3000.0,30,True,Automatic Execution,Computer and Technology,Electronics - Semiconductors,73.47,74.48,71.2,72.31,106,3.9334872878487053,20,4,1,1,0,0
AMBA,Computer and Technology,Electronics - Semiconductors,25__0,25,0.0,5. p99_trade_value,32500.0,140700.0,O:AMBA241227P00068000,AMBA,P,68.0,2024-12-27,209,0,316,1.4,1734628947025000000,245,34300.0,2024-12-19,3000.0,30,True,Automatic Execution,Computer and Technology,Electronics - Semiconductors,69.85,70.71,68.12,68.64,5,4.535294120042771,20,1,1,0,0,0
AMBA,Computer and Technology,Electronics - Semiconductors,25__0,25,0.0,5. p99_trade_value,32500.0,140700.0,O:AMBA250117C00075000,AMBA,C,75.0,2025-01-17,209,0,316,1.65,1734628938932000000,469,77384.99999999999,2024-12-19,3000.0,30,True,Automatic Execution,Computer and Technology,Electronics - Semiconductors,69.85,70.71,68.12,68.64,3,4.88865678692899,20,1,1,1,1,0
AMBA,Computer and Technology,Electronics - Semiconductors,25__0,25,0.0,7. p90_trade_value,12000.0,18060.0,O:AMBA250117C00077500,AMBA,C,77.5,2025-01-17,209,0,301,1.7,1734710396787000000,79,13429.999999999998,2024-12-20,3000.0,30,True,Automatic Execution,Computer and Technology,Electronics - Semiconductors,67.69,71.475,67.13,70.93,44,4.128076012668715,20,2,1,1,1,0
AMBA,Computer and Technology,Electronics - Semiconductors,25__0,25,0.0,7. p90_trade_value,12000.0,18060.0,O:AMBA250110C00076000,AMBA,C,76.0,2025-01-10,209,0,313,2.4,1735237650388000000,50,12000.0,2024-12-26,3000.0,30,True,Automatic Execution,Computer and Technology,Electronics - Semiconductors,73.8,75.59,72.94,75.08,53,4.079181246047625,20,2,1,1,0,0
AMBA,Computer and Technology,Electronics - Semiconductors,25__0,25,0.0,7. p90_trade_value,12000.0,18060.0,O:AMBA250110C00076000,AMBA,C,76.0,2025-01-10,209,0,313,2.4,1735237650421000000,50,12000.0,2024-12-26,3000.0,30,True,Automatic Execution,Computer and Technology,Electronics - Semiconductors,73.8,75.59,72.94,75.08,54,4.079181246047625,20,2,1,1,0,0
AMBA,Computer and Technology,Electronics - Semiconductors,25__0,25,0.0,7. p90_trade_value,12000.0,18060.0,O:AMBA250110C00076000,AMBA,C,76.0,2025-01-10,209,0,313,2.4,1735237650421000000,50,12000.0,2024-12-26,3000.0,30,True,Automatic Execution,Computer and Technology,Electronics - Semiconductors,73.8,75.59,72.94,75.08,56,4.079181246047625,20,3,1,1,0,0
AMBA,Computer and Technology,Electronics - Semiconductors,25__0,25,0.0,7. p90_trade_value,12000.0,18060.0,O:AMBA250110C00076000,AMBA,C,76.0,2025-01-10,209,0,313,2.4,1735237650388000000,50,12000.0,2024-12-26,3000.0,30,True,Automatic Execution,Computer and Technology,Electronics - Semiconductors,73.8,75.59,72.94,75.08,57,4.079181246047625,20,3,1,1,0,0
AMBA,Computer and Technology,Electronics - Semiconductors,25__0,25,0.0,7. p90_trade_value,12000.0,18060.0,O:AMBA250110C00076000,AMBA,C,76.0,2025-01-10,209,0,313,2.4,1735237650408000000,50,12000.0,2024-12-26,3000.0,30,True,Automatic Execution,Computer and Technology,Electronics - Semiconductors,73.8,75.59,72.94,75.08,55,4.079181246047625,20,2,1,1,0,0
AMBA,Computer and Technology,Electronics - Semiconductors,25__0,25,0.0,8. p75_trade_value,7400.0,11900.0,O:AMBA250117C00080000,AMBA,C,80.0,2025-01-17,209,0,313,1.95,1735937869176000000,50,9750.0,2025-01-03,3000.0,30,True,Automatic Execution,Computer and Technology,Electronics - Semiconductors,75.06,78.74,75.06,77.54,84,3.989004615698537,20,4,1,1,1,0
AMBA,Computer and Technology,Electronics - Semiconductors,25__0,25,0.0,8. p75_trade_value,7400.0,11900.0,O:AMBA250117C00080000,AMBA,C,80.0,2025-01-17,209,0,313,1.95,1735937871296000000,50,9750.0,2025-01-03,3000.0,30,True,Automatic Execution,Computer and Technology,Electronics - Semiconductors,75.06,78.74,75.06,77.54,83,3.989004615698537,20,4,1,1,1,0
AMBA,Computer and Technology,Electronics - Semiconductors,25__0,25,0.0,8. p75_trade_value,7400.0,11900.0,O:AMBA250228C00083000,AMBA,C,83.0,2025-02-28,233,0,302,5.74,1739910953617000000,20,11480.000000000002,2025-02-18,3000.0,30,True,Multi Leg Auction,Computer and Technology,Electronics - Semiconductors,77.99,82.35,77.5514,82.17,65,4.059941888061955,20,3,1,0,0,0
AMBA,Computer and Technology,Electronics - Semiconductors,25__0,25,0.0,8. p75_trade_value,7400.0,11900.0,O:AMBA250228C00087000,AMBA,C,87.0,2025-02-28,227,0,323,4.24,1739902749583000000,28,11872.0,2025-02-18,3000.0,30,True,Single Leg Auction Non ISO,Computer and Technology,Electronics - Semiconductors,77.99,82.35,77.5514,82.17,60,4.0745238879349515,20,3,0,0,0,1
AMBA,Computer and Technology,Electronics - Semiconductors,25__0,25,0.0,8. p75_trade_value,7400.0,11900.0,O:AMBA250321C00085000,AMBA,C,85.0,2025-03-21,209,0,301,6.4,1739975973277000000,14,8960.0,2025-02-19,3000.0,30,True,Automatic Execution,Computer and Technology,Electronics - Semiconductors,82.135,83.16,80.56,82.94,102,3.9523080096621253,20,4,0,0,0,1
AMBA,Computer and Technology,Electronics - Semiconductors,25__0,25,0.0,5. p99_trade_value,32500.0,140700.0,O:AMBA250228P00068000,AMBA,P,68.0,2025-02-28,234,0,302,1.4,1740078615675000000,1005,140700.0,2025-02-20,3000.0,30,True,Multi Leg Cross,Computer and Technology,Electronics - Semiconductors,82.88,84.0,79.59,81.27,2,5.1482940974347455,20,1,1,1,1,0
AMBA,Computer and Technology,Electronics - Semiconductors,25__0,25,0.0,1. p999999_trade_value,502500.0,502500.0,O:AMBA250228P00078000,AMBA,P,78.0,2025-02-28,234,0,302,5.0,1740078615675000000,1005,502500.0,2025-02-20,3000.0,30,True,Multi Leg Cross,Computer and Technology,Electronics - Semiconductors,82.88,84.0,79.59,81.27,1,5.701136066092526,20,1,1,1,1,0
AMBA,Computer and Technology,Electronics - Semiconductors,25__0,25,0.0,8. p75_trade_value,7400.0,11900.0,O:AMBA250228P00078000,AMBA,P,78.0,2025-02-28,233,0,309,4.93,1740075392708000000,22,10846.0,2025-02-20,3000.0,30,True,Multi Leg Auction,Computer and Technology,Electronics - Semiconductors,82.88,84.0,79.59,81.27,69,4.035269600099436,20,3,1,1,1,0
AMBA,Computer and Technology,Electronics - Semiconductors,25__0,25,0.0,7. p90_trade_value,12000.0,18060.0,O:AMBA250228C00087000,AMBA,C,87.0,2025-02-28,227,0,323,3.48,1740154389410000000,40,13919.999999999998,2025-02-21,3000.0,30,True,Single Leg Auction Non ISO,Computer and Technology,Electronics - Semiconductors,82.35,82.5716,77.69,78.2,41,4.143639235274543,20,2,0,0,0,1
AMBA,Computer and Technology,Electronics - Semiconductors,25__0,25,0.0,8. p75_trade_value,7400.0,11900.0,O:AMBA250228P00074000,AMBA,P,74.0,2025-02-28,209,0,322,3.8,1740423160607000000,20,7600.0,2025-02-24,3000.0,30,True,Automatic Execution,Computer and Technology,Electronics - Semiconductors,78.9,79.0,75.07,75.84,133,3.8808135922807914,20,5,1,1,1,0
AMBA,Computer and Technology,Electronics - Semiconductors,25__0,25,0.0,6. p95_trade_value,18467.0,28750.0,O:AMBA250307C00080000,AMBA,C,80.0,2025-03-07,209,0,308,4.4,1740414715467000000,44,19360.000000000004,2025-02-24,3000.0,30,True,Automatic Execution,Computer and Technology,Electronics - Semiconductors,78.9,79.0,75.07,75.84,24,4.286905352972375,20,1,1,0,0,0
AMBA,Computer and Technology,Electronics - Semiconductors,25__0,25,0.0,7. p90_trade_value,12000.0,18060.0,O:AMBA250307C00080000,AMBA,C,80.0,2025-03-07,209,0,308,3.4,1740501679336000000,44,14960.0,2025-02-25,3000.0,30,True,Automatic Execution,Computer and Technology,Electronics - Semiconductors,75.2,75.79,72.69,73.63,36,4.174931593528442,20,2,1,0,0,0
AMBA,Computer and Technology,Electronics - Semiconductors,25__0,25,0.0,8. p75_trade_value,7400.0,11900.0,O:AMBA250307C00090000,AMBA,C,90.0,2025-03-07,209,0,316,1.2,1740498391230000000,62,7439.999999999999,2025-02-25,3000.0,30,True,Automatic Execution,Computer and Technology,Electronics - Semiconductors,75.2,75.79,72.69,73.63,135,3.8715729355458786,20,5,0,0,0,1
AMBA,Computer and Technology,Electronics - Semiconductors,25__0,25,0.0,8. p75_trade_value,7400.0,11900.0,O:AMBA250228C00080000,AMBA,C,80.0,2025-02-28,209,0,300,3.7,1740580726143000000,20,7400.0,2025-02-26,3000.0,30,True,Automatic Execution,Computer and Technology,Electronics - Semiconductors,74.35,77.11,74.35,75.81,136,3.8692317197309762,20,5,1,0,0,0
AMBA,Computer and Technology,Electronics - Semiconductors,25__0,25,0.0,8. p75_trade_value,7400.0,11900.0,O:AMBA250228C00080000,AMBA,C,80.0,2025-02-28,227,0,323,4.0,1740582733661000000,20,8000.0,2025-02-26,3000.0,30,True,Single Leg Auction Non ISO,Computer and Technology,Electronics - Semiconductors,74.35,77.11,74.35,75.81,118,3.9030899869919438,20,5,1,0,0,0
AMBA,Computer and Technology,Electronics - Semiconductors,25__0,25,0.0,7. p90_trade_value,12000.0,18060.0,O:AMBA250228C00085000,AMBA,C,85.0,2025-02-28,232,0,304,2.26,1740603333849000000,60,13560.0,2025-02-26,3000.0,30,True,Multi Leg auto-electronic trade,Computer and Technology,Electronics - Semiconductors,74.35,77.11,74.35,75.81,43,4.132259689531044,20,2,0,0,0,1
AMBA,Computer and Technology,Electronics - Semiconductors,25__0,25,0.0,5. p99_trade_value,32500.0,140700.0,O:AMBA250228P00068000,AMBA,P,68.0,2025-02-28,209,0,313,2.6,1740603347078000000,125,32500.0,2025-02-26,3000.0,30,True,Automatic Execution,Computer and Technology,Electronics - Semiconductors,74.35,77.11,74.35,75.81,6,4.511883360978874,20,1,1,1,1,0
AMBA,Computer and Technology,Electronics - Semiconductors,25__0,25,0.0,6. p95_trade_value,18467.0,28750.0,O:AMBA250228P00070000,AMBA,P,70.0,2025-02-28,235,0,301,2.4,1740583801597000000,88,21120.0,2025-02-26,3000.0,30,True,Multi Leg floor trade,Computer and Technology,Electronics - Semiconductors,74.35,77.11,74.35,75.81,17,4.324693913861775,20,1,1,1,1,0
AMBA,Computer and Technology,Electronics - Semiconductors,25__0,25,0.0,8. p75_trade_value,7400.0,11900.0,O:AMBA250228P00072000,AMBA,P,72.0,2025-02-28,209,0,322,3.8,1740603575713000000,20,7600.0,2025-02-26,3000.0,30,True,Automatic Execution,Computer and Technology,Electronics - Semiconductors,74.35,77.11,74.35,75.81,132,3.8808135922807914,20,5,1,1,1,0
AMBA,Computer and Technology,Electronics - Semiconductors,25__0,25,0.0,8. p75_trade_value,7400.0,11900.0,O:AMBA250228P00074000,AMBA,P,74.0,2025-02-28,209,0,322,4.6,1740603581780000000,20,9200.0,2025-02-26,3000.0,30,True,Automatic Execution,Computer and Technology,Electronics - Semiconductors,74.35,77.11,74.35,75.81,97,3.963787827345555,20,4,1,1,1,0
AMBA,Computer and Technology,Electronics - Semiconductors,25__0,25,0.0,6. p95_trade_value,18467.0,28750.0,O:AMBA250314P00069000,AMBA,P,69.0,2025-03-14,227,0,301,3.11,1740601558847000000,71,22081.0,2025-02-26,3000.0,30,True,Single Leg Auction Non ISO,Computer and Technology,Electronics - Semiconductors,74.35,77.11,74.35,75.81,16,4.3440187377459125,20,1,1,1,1,0
AMBA,Computer and Technology,Electronics - Semiconductors,25__0,25,0.0,8. p75_trade_value,7400.0,11900.0,O:AMBA250314P00072000,AMBA,P,72.0,2025-03-14,227,0,301,4.31,1740601539394000000,22,9482.0,2025-02-26,3000.0,30,True,Single Leg Auction Non ISO,Computer and Technology,Electronics - Semiconductors,74.35,77.11,74.35,75.81,92,3.9768999509829377,20,4,1,1,1,0
AMBA,Computer and Technology,Electronics - Semiconductors,25__0,25,0.0,8. p75_trade_value,7400.0,11900.0,O:AMBA250314P00072000,AMBA,P,72.0,2025-03-14,227,0,301,4.31,1740601539394000000,22,9482.0,2025-02-26,3000.0,30,True,Single Leg Auction Non ISO,Computer and Technology,Electronics - Semiconductors,74.35,77.11,74.35,75.81,93,3.9768999509829377,20,4,1,1,1,0
AMBA,Computer and Technology,Electronics - Semiconductors,25__0,25,0.0,8. p75_trade_value,7400.0,11900.0,O:AMBA250321C00085000,AMBA,C,85.0,2025-03-21,232,0,308,3.08,1740602041170000000,25,7700.0,2025-02-26,3000.0,30,True,Multi Leg auto-electronic trade,Computer and Technology,Electronics - Semiconductors,74.35,77.11,74.35,75.81,130,3.886490725172482,20,5,0,0,0,1
AMBA,Computer and Technology,Electronics - Semiconductors,25__0,25,0.0,8. p75_trade_value,7400.0,11900.0,O:AMBA250321C00095000,AMBA,C,95.0,2025-03-21,209,0,301,1.4,1740585937722000000,60,8400.0,2025-02-26,3000.0,30,True,Automatic Execution,Computer and Technology,Electronics - Semiconductors,74.35,77.11,74.35,75.81,112,3.9242792860618816,20,5,0,0,0,1
AMBA,Computer and Technology,Electronics - Semiconductors,25__0,25,0.0,7. p90_trade_value,12000.0,18060.0,O:AMBA250321C00052500,AMBA,C,52.5,2025-03-21,227,0,301,1.45,1741619271160000000,100,14500.0,2025-03-10,3000.0,30,True,Single Leg Auction Non ISO,Computer and Technology,Electronics - Semiconductors,51.715,51.755,48.62,48.94,37,4.161368002234975,20,2,1,1,1,0
AMBA,Computer and Technology,Electronics - Semiconductors,25__0,25,0.0,7. p90_trade_value,12000.0,18060.0,O:AMBA250417C00055000,AMBA,C,55.0,2025-04-17,209,0,301,1.5,1743085385716000000,80,12000.0,2025-03-27,3000.0,30,True,Automatic Execution,Computer and Technology,Electronics - Semiconductors,53.24,53.35,52.04,52.69,58,4.079181246047625,20,3,0,0,0,1
AMBA,Computer and Technology,Electronics - Semiconductors,25__0,25,0.0,8. p75_trade_value,7400.0,11900.0,O:AMBA250417C00055000,AMBA,C,55.0,2025-04-17,227,0,301,1.62,1743083130940000000,50,8100.0,2025-03-27,3000.0,30,True,Single Leg Auction Non ISO,Computer and Technology,Electronics - Semiconductors,53.24,53.35,52.04,52.69,117,3.90848501887865,20,5,0,0,0,1
AMBA,Computer and Technology,Electronics - Semiconductors,25__0,25,0.0,8. p75_trade_value,7400.0,11900.0,O:AMBA250417C00045000,AMBA,C,45.0,2025-04-17,227,0,323,1.11,1743787298401000000,95,10545.0,2025-04-04,3000.0,30,True,Single Leg Auction Non ISO,Computer and Technology,Electronics - Semiconductors,43.25,43.94,39.9,41.94,72,4.023046584075505,20,3,1,0,0,0
AMBA,Computer and Technology,Electronics - Semiconductors,25__0,25,0.0,7. p90_trade_value,12000.0,18060.0,O:AMBA250417C00045000,AMBA,C,45.0,2025-04-17,227,0,304,1.25,1743790589976000000,100,12500.0,2025-04-04,3000.0,30,True,Single Leg Auction Non ISO,Computer and Technology,Electronics - Semiconductors,43.25,43.94,39.9,41.94,47,4.096910013008056,20,2,1,0,0,0
AMBA,Computer and Technology,Electronics - Semiconductors,25__0,25,0.0,7. p90_trade_value,12000.0,18060.0,O:AMBA250425C00046000,AMBA,C,46.0,2025-04-25,209,0,316,1.2,1743785220801000000,116,13919.999999999998,2025-04-04,3000.0,30,True,Automatic Execution,Computer and Technology,Electronics - Semiconductors,43.25,43.94,39.9,41.94,39,4.143639235274543,20,2,1,1,1,0
AMBA,Computer and Technology,Electronics - Semiconductors,25__0,25,0.0,7. p90_trade_value,12000.0,18060.0,O:AMBA250425C00046000,AMBA,C,46.0,2025-04-25,209,0,316,1.2,1743785220801000000,116,13919.999999999998,2025-04-04,3000.0,30,True,Automatic Execution,Computer and Technology,Electronics - Semiconductors,43.25,43.94,39.9,41.94,40,4.143639235274543,20,2,1,1,1,0
AMBA,Computer and Technology,Electronics - Semiconductors,25__0,25,0.0,8. p75_trade_value,7400.0,11900.0,O:AMBA250516C00051000,AMBA,C,51.0,2025-05-16,209,0,323,1.65,1746467063631000000,48,7919.999999999999,2025-05-05,3000.0,30,True,Automatic Execution,Computer and Technology,Electronics - Semiconductors,49.88,50.8189,49.6,50.14,120,3.8987251815894934,20,5,1,1,1,0
AMBA,Computer and Technology,Electronics - Semiconductors,25__0,25,0.0,8. p75_trade_value,7400.0,11900.0,O:AMBA250530P00055000,AMBA,P,55.0,2025-05-30,209,0,301,2.25,1747071911395000000,40,9000.0,2025-05-12,3000.0,30,True,Automatic Execution,Computer and Technology,Electronics - Semiconductors,57.88,59.645,57.17,58.55,100,3.9542425094393248,20,4,1,1,1,0
AMBA,Computer and Technology,Electronics - Semiconductors,25__0,25,0.0,8. p75_trade_value,7400.0,11900.0,O:AMBA250530C00062000,AMBA,C,62.0,2025-05-30,227,0,319,3.57,1747162346132000000,29,10353.0,2025-05-13,3000.0,30,True,Single Leg Auction Non ISO,Computer and Technology,Electronics - Semiconductors,59.27,60.755,59.0,60.66,74,4.015066214011149,20,3,1,0,0,0
AMBA,Computer and Technology,Electronics - Semiconductors,25__0,25,0.0,8. p75_trade_value,7400.0,11900.0,O:AMBA250606P00060000,AMBA,P,60.0,2025-06-06,209,0,308,4.1,1747239321639000000,24,9840.0,2025-05-14,3000.0,30,True,Automatic Execution,Computer and Technology,Electronics - Semiconductors,60.88,61.25,60.025,61.2,81,3.9929950984313414,20,3,1,1,1,0
AMBA,Computer and Technology,Electronics - Semiconductors,25__0,25,0.0,7. p90_trade_value,12000.0,18060.0,O:AMBA250606P00060000,AMBA,P,60.0,2025-06-06,227,0,309,3.35,1747667758487000000,40,13400.0,2025-05-19,3000.0,30,True,Single Leg Auction Non ISO,Computer and Technology,Electronics - Semiconductors,61.355,63.32,61.0101,63.32,45,4.127104798364807,20,2,1,1,1,0
AMBA,Computer and Technology,Electronics - Semiconductors,25__0,25,0.0,8. p75_trade_value,7400.0,11900.0,O:AMBA250530C00067000,AMBA,C,67.0,2025-05-30,209,0,320,3.0,1747857491838000000,26,7800.0,2025-05-21,3000.0,30,True,Automatic Execution,Computer and Technology,Electronics - Semiconductors,63.2,66.305,62.92,63.59,127,3.8920946026904804,20,5,0,0,0,1
AMBA,Computer and Technology,Electronics - Semiconductors,25__0,25,0.0,7. p90_trade_value,12000.0,18060.0,O:AMBA250606C00065000,AMBA,C,65.0,2025-06-06,209,0,323,3.1,1748014073224000000,40,12400.0,2025-05-23,3000.0,30,True,Automatic Execution,Computer and Technology,Electronics - Semiconductors,60.88,62.56,60.88,62.11,50,4.093421685162235,20,2,0,0,0,1
AMBA,Computer and Technology,Electronics - Semiconductors,25__0,25,0.0,7. p90_trade_value,12000.0,18060.0,O:AMBA250530P00056000,AMBA,P,56.0,2025-05-30,232,0,312,1.22,1748368803534000000,100,12200.0,2025-05-27,3000.0,30,True,Multi Leg auto-electronic trade,Computer and Technology,Electronics - Semiconductors,63.62,63.73,62.02,62.48,51,4.086359830674748,20,2,1,1,1,0
AMBA,Computer and Technology,Electronics - Semiconductors,25__0,25,0.0,7. p90_trade_value,12000.0,18060.0,O:AMBA250530P00060000,AMBA,P,60.0,2025-05-30,233,0,312,2.79,1748359601189000000,50,13950.0,2025-05-27,3000.0,30,True,Multi Leg Auction,Computer and Technology,Electronics - Semiconductors,63.62,63.73,62.02,62.48,38,4.144574207609616,20,2,1,1,1,0
AMBA,Computer and Technology,Electronics - Semiconductors,25__0,25,0.0,6. p95_trade_value,18467.0,28750.0,O:AMBA250530P00061000,AMBA,P,61.0,2025-05-30,232,0,312,2.85,1748368803534000000,100,28500.0,2025-05-27,3000.0,30,True,Multi Leg auto-electronic trade,Computer and Technology,Electronics - Semiconductors,63.62,63.73,62.02,62.48,8,4.45484486000851,20,1,1,1,1,0
AMBA,Computer and Technology,Electronics - Semiconductors,25__0,25,0.0,8. p75_trade_value,7400.0,11900.0,O:AMBA250530P00062000,AMBA,P,62.0,2025-05-30,232,0,323,3.8,1748373426843000000,25,9500.0,2025-05-27,3000.0,30,True,Multi Leg auto-electronic trade,Computer and Technology,Electronics - Semiconductors,63.62,63.73,62.02,62.48,90,3.9777236052888476,20,4,1,1,1,0
AMBA,Computer and Technology,Electronics - Semiconductors,25__0,25,0.0,8. p75_trade_value,7400.0,11900.0,O:AMBA250530P00062000,AMBA,P,62.0,2025-05-30,232,0,302,3.78,1748373426843000000,25,9450.0,2025-05-27,3000.0,30,True,Multi Leg auto-electronic trade,Computer and Technology,Electronics - Semiconductors,63.62,63.73,62.02,62.48,94,3.975431808509263,20,4,1,1,1,0
AMBA,Computer and Technology,Electronics - Semiconductors,25__0,25,0.0,8. p75_trade_value,7400.0,11900.0,O:AMBA250530P00062000,AMBA,P,62.0,2025-05-30,232,0,308,3.8,1748373426945000000,25,9500.0,2025-05-27,3000.0,30,True,Multi Leg auto-electronic trade,Computer and Technology,Electronics - Semiconductors,63.62,63.73,62.02,62.48,91,3.9777236052888476,20,4,1,1,1,0
AMBA,Computer and Technology,Electronics - Semiconductors,25__0,25,0.0,8. p75_trade_value,7400.0,11900.0,O:AMBA250530P00062000,AMBA,P,62.0,2025-05-30,227,0,323,3.85,1748375564619000000,30,11550.0,2025-05-27,3000.0,30,True,Single Leg Auction Non ISO,Computer and Technology,Electronics - Semiconductors,63.62,63.73,62.02,62.48,64,4.062581984228163,20,3,1,1,1,0
AMBA,Computer and Technology,Electronics - Semiconductors,25__0,25,0.0,8. p75_trade_value,7400.0,11900.0,O:AMBA250606C00065000,AMBA,C,65.0,2025-06-06,209,0,308,3.3,1748372314147000000,30,9900.0,2025-05-27,3000.0,30,True,Automatic Execution,Computer and Technology,Electronics - Semiconductors,63.62,63.73,62.02,62.48,80,3.99563519459755,20,3,0,0,0,1
AMBA,Computer and Technology,Electronics - Semiconductors,25__0,25,0.0,7. p90_trade_value,12000.0,18060.0,O:AMBA250606P00060000,AMBA,P,60.0,2025-06-06,233,0,312,3.11,1748359601189000000,50,15550.0,2025-05-27,3000.0,30,True,Multi Leg Auction,Computer and Technology,Electronics - Semiconductors,63.62,63.73,62.02,62.48,35,4.191730393362857,20,2,1,1,1,0
AMBA,Computer and Technology,Electronics - Semiconductors,25__0,25,0.0,8. p75_trade_value,7400.0,11900.0,O:AMBA250620C00067500,AMBA,C,67.5,2025-06-20,227,0,323,3.15,1748363176898000000,25,7875.0,2025-05-27,3000.0,30,True,Single Leg Auction Non ISO,Computer and Technology,Electronics - Semiconductors,63.62,63.73,62.02,62.48,123,3.896250562461638,20,5,0,0,0,1
AMBA,Computer and Technology,Electronics - Semiconductors,25__0,25,0.0,8. p75_trade_value,7400.0,11900.0,O:AMBA250530P00058000,AMBA,P,58.0,2025-05-30,209,0,320,1.9,1748459662159000000,45,8550.0,2025-05-28,3000.0,30,True,Automatic Execution,Computer and Technology,Electronics - Semiconductors,63.0,63.62,61.92,62.4,107,3.931966114728173,20,4,1,1,1,0
AMBA,Computer and Technology,Electronics - Semiconductors,25__0,25,0.0,8. p75_trade_value,7400.0,11900.0,O:AMBA250530P00055000,AMBA,P,55.0,2025-05-30,227,0,323,1.09,1748545573443000000,81,8829.0,2025-05-29,3000.0,30,True,Single Leg Auction Non ISO,Computer and Technology,Electronics - Semiconductors,63.635,63.635,61.2,62.0,103,3.9459115168192733,20,4,1,1,1,0
AMBA,Computer and Technology,Electronics - Semiconductors,25__0,25,0.0,6. p95_trade_value,18467.0,28750.0,O:AMBA250530P00059000,AMBA,P,59.0,2025-05-30,232,0,308,2.43,1748548492973000000,85,20655.0,2025-05-29,3000.0,30,True,Multi Leg auto-electronic trade,Computer and Technology,Electronics - Semiconductors,63.635,63.635,61.2,62.0,18,4.315025199312605,20,1,1,1,1,0
AMBA,Computer and Technology,Electronics - Semiconductors,25__0,25,0.0,7. p90_trade_value,12000.0,18060.0,O:AMBA250530P00060000,AMBA,P,60.0,2025-05-30,233,0,302,2.65,1748526965137000000,59,15635.0,2025-05-29,3000.0,30,True,Multi Leg Auction,Computer and Technology,Electronics - Semiconductors,63.635,63.635,61.2,62.0,34,4.194097885578952,20,2,1,1,1,0
AMBA,Computer and Technology,Electronics - Semiconductors,25__0,25,0.0,6. p95_trade_value,18467.0,28750.0,O:AMBA250606P00060000,AMBA,P,60.0,2025-06-06,233,0,302,3.13,1748526965137000000,59,18467.0,2025-05-29,3000.0,30,True,Multi Leg Auction,Computer and Technology,Electronics - Semiconductors,63.635,63.635,61.2,62.0,28,4.266396349188593,20,1,1,1,1,0
AMBA,Computer and Technology,Electronics - Semiconductors,25__0,25,0.0,8. p75_trade_value,7400.0,11900.0,O:AMBA250606P00060000,AMBA,P,60.0,2025-06-06,232,0,308,3.37,1748545916034000000,25,8425.0,2025-05-29,3000.0,30,True,Multi Leg auto-electronic trade,Computer and Technology,Electronics - Semiconductors,63.635,63.635,61.2,62.0,109,3.925569909543376,20,4,1,1,1,0
AMBA,Computer and Technology,Electronics - Semiconductors,25__0,25,0.0,6. p95_trade_value,18467.0,28750.0,O:AMBA250606P00060000,AMBA,P,60.0,2025-06-06,209,0,325,3.55,1748528745780000000,56,19880.0,2025-05-29,3000.0,30,True,Automatic Execution,Computer and Technology,Electronics - Semiconductors,63.635,63.635,61.2,62.0,22,4.298416380061295,20,1,1,1,1,0
AMBA,Computer and Technology,Electronics - Semiconductors,25__0,25,0.0,8. p75_trade_value,7400.0,11900.0,O:AMBA250613P00057000,AMBA,P,57.0,2025-06-13,209,0,320,2.35,1748548604131000000,50,11750.0,2025-05-29,3000.0,30,True,Automatic Execution,Computer and Technology,Electronics - Semiconductors,63.635,63.635,61.2,62.0,61,4.0700378666077555,20,3,1,1,1,0
AMBA,Computer and Technology,Electronics - Semiconductors,25__0,25,0.0,8. p75_trade_value,7400.0,11900.0,O:AMBA250627P00055000,AMBA,P,55.0,2025-06-27,227,0,323,1.88,1748538862140000000,49,9211.999999999998,2025-05-29,3000.0,30,True,Single Leg Auction Non ISO,Computer and Technology,Electronics - Semiconductors,63.635,63.635,61.2,62.0,96,3.9643539292921934,20,4,1,0,0,0
AOSL,Computer and Technology,Electronics - Semiconductors,20__0,20,0.0,5. p99_trade_value,52200.0,52200.0,O:AOSL250221P00037500,AOSL,P,37.5,2025-02-21,234,0,300,1.74,1738768289336000000,300,52200.0,2025-02-05,3000.0,30,True,Multi Leg Cross,Computer and Technology,Electronics - Semiconductors,42.3,43.4,40.56,43.33,2,4.717670503002262,20,1,1,1,1,0
AOSL,Computer and Technology,Electronics - Semiconductors,20__0,20,0.0,1. p999999_trade_value,53460.0,53460.0,O:AOSL250221C00045000,AOSL,C,45.0,2025-02-21,227,0,323,1.62,1738861390359000000,330,53460.0,2025-02-06,3000.0,30,True,Single Leg Auction Non ISO,Computer and Technology,Electronics - Semiconductors,38.53,43.52,38.22,41.72,1,4.728028954420519,20,1,1,0,0,0
APH,Computer and Technology,Electronics - Connectors,30__0,30,0.0,1. p999999_trade_value,330000.0,330000.0,O:APH241115C00070000,APH,C,70.0,2024-11-15,229,0,300,1.65,1729091646881000000,2000,330000.0,2024-10-16,3000.0,30,True,Single Leg Cross Non ISO,Computer and Technology,Electronics - Connectors,65.81,67.5,65.73,67.0,1,5.518513939877887,20,1,1,1,1,0
ARM,Computer and Technology,Electronics - Semiconductors,45__1,45,1.0,1. p999999_trade_value,820000.0,820000.0,O:ARM250411P00080000,ARM,P,80.0,2025-04-11,241,0,323,2.05,1743783955402000000,4000,820000.0,2025-04-04,3000.0,30,True,Stock Options Cross,Computer and Technology,Electronics - Semiconductors,91.65,95.38,84.3901,87.71,1,5.913813852383717,20,1,1,0,0,0
ATOM,Computer and Technology,Electronics - Semiconductors,20__0,20,0.0,7. p90_trade_value,11088.000000000002,15345.000000000002,O:ATOM250117C00015000,ATOM,C,15.0,2025-01-17,233,0,302,1.12,1735234626503000000,99,11088.000000000002,2024-12-26,3000.0,30,True,Multi Leg Auction,Computer and Technology,Electronics - Semiconductors,10.22,12.7989,9.7,12.58,12,4.044853217267732,20,2,1,0,0,0
ATOM,Computer and Technology,Electronics - Semiconductors,20__0,20,0.0,5. p99_trade_value,20000.0,20000.0,O:ATOM250117C00015000,ATOM,C,15.0,2025-01-17,209,0,301,2.0,1735309973541000000,100,20000.0,2024-12-27,3000.0,30,True,Automatic Execution,Computer and Technology,Electronics - Semiconductors,13.5,14.55,12.6642,14.27,2,4.301029995663981,20,1,1,0,0,0
ATOM,Computer and Technology,Electronics - Semiconductors,20__0,20,0.0,6. p95_trade_value,15500.0,19000.0,O:ATOM250117P00012500,ATOM,P,12.5,2025-01-17,231,0,301,1.85,1735314608046000000,100,18500.0,2024-12-27,3000.0,30,True,Single Leg Floor Trade,Computer and Technology,Electronics - Semiconductors,13.5,14.55,12.6642,14.27,4,4.267171728403014,20,1,1,1,1,0
ATOM,Computer and Technology,Electronics - Semiconductors,20__0,20,0.0,6. p95_trade_value,15500.0,19000.0,O:ATOM250117P00012500,ATOM,P,12.5,2025-01-17,209,0,320,1.75,1735314629432000000,100,17500.0,2024-12-27,3000.0,30,True,Automatic Execution,Computer and Technology,Electronics - Semiconductors,13.5,14.55,12.6642,14.27,5,4.243038048686294,20,1,1,1,1,0
ATOM,Computer and Technology,Electronics - Semiconductors,20__0,20,0.0,6. p95_trade_value,15500.0,19000.0,O:ATOM250117P00012500,ATOM,P,12.5,2025-01-17,209,0,308,1.9,1735313832701000000,100,19000.0,2024-12-27,3000.0,30,True,Automatic Execution,Computer and Technology,Electronics - Semiconductors,13.5,14.55,12.6642,14.27,3,4.278753600952829,20,1,1,1,1,0
ATOM,Computer and Technology,Electronics - Semiconductors,20__0,20,0.0,6. p95_trade_value,15500.0,19000.0,O:ATOM250117P00012500,ATOM,P,12.5,2025-01-17,209,0,308,1.55,1735321569639000000,100,15500.0,2024-12-27,3000.0,30,True,Automatic Execution,Computer and Technology,Electronics - Semiconductors,13.5,14.55,12.6642,14.27,6,4.190331698170292,20,1,1,1,1,0
ATOM,Computer and Technology,Electronics - Semiconductors,20__0,20,0.0,7. p90_trade_value,11088.000000000002,15345.000000000002,O:ATOM250117P00012500,ATOM,P,12.5,2025-01-17,209,0,308,1.55,1735331180355000000,99,15345.000000000002,2024-12-27,3000.0,30,True,Automatic Execution,Computer and Technology,Electronics - Semiconductors,13.5,14.55,12.6642,14.27,7,4.1859668927678415,20,2,1,1,1,0
ATOM,Computer and Technology,Electronics - Semiconductors,20__0,20,0.0,7. p90_trade_value,11088.000000000002,15345.000000000002,O:ATOM250117P00012500,ATOM,P,12.5,2025-01-17,227,0,323,1.9,1735314106629000000,64,12160.0,2024-12-27,3000.0,30,True,Single Leg Auction Non ISO,Computer and Technology,Electronics - Semiconductors,13.5,14.55,12.6642,14.27,10,4.084933574936716,20,2,1,1,1,0
ATOM,Computer and Technology,Electronics - Semiconductors,20__0,20,0.0,7. p90_trade_value,11088.000000000002,15345.000000000002,O:ATOM250117P00012500,ATOM,P,12.5,2025-01-17,227,0,323,1.88,1735314474729000000,70,13160.0,2024-12-27,3000.0,30,True,Single Leg Auction Non ISO,Computer and Technology,Electronics - Semiconductors,13.5,14.55,12.6642,14.27,9,4.1192558892779365,20,2,1,1,1,0
ATOM,Computer and Technology,Electronics - Semiconductors,20__0,20,0.0,1. p999999_trade_value,46500.0,46500.0,O:ATOM250117P00012500,ATOM,P,12.5,2025-01-17,209,0,308,1.55,1735312525002000000,300,46500.0,2024-12-27,3000.0,30,True,Automatic Execution,Computer and Technology,Electronics - Semiconductors,13.5,14.55,12.6642,14.27,1,4.6674529528899535,20,1,1,1,1,0
ATOM,Computer and Technology,Electronics - Semiconductors,20__0,20,0.0,7. p90_trade_value,11088.000000000002,15345.000000000002,O:ATOM250117C00020000,ATOM,C,20.0,2025-01-17,209,0,323,0.7,1735571638026000000,210,14700.0,2024-12-30,3000.0,30,True,Automatic Execution,Computer and Technology,Electronics - Semiconductors,14.0,14.31,12.71,12.91,8,4.1673173347481764,20,2,0,0,0,1
ATOM,Computer and Technology,Electronics - Semiconductors,20__0,20,0.0,7. p90_trade_value,11088.000000000002,15345.000000000002,O:ATOM250221P00007500,ATOM,P,7.5,2025-02-21,227,0,323,1.05,1738082012841000000,113,11865.0,2025-01-28,3000.0,30,True,Single Leg Auction Non ISO,Computer and Technology,Electronics - Semiconductors,9.13,9.2013,7.98,8.65,11,4.074267742553358,20,2,1,1,1,0
AXTI,Computer and Technology,Electronics - Semiconductors,0__2,0,2.0,1. p999999_trade_value,4800.0,4800.0,O:AXTI241115P00002500,AXTI,P,2.5,2024-11-15,232,0,312,1.2,1730122201307000000,40,4800.0,2024-10-28,3000.0,30,True,Multi Leg auto-electronic trade,Computer and Technology,Electronics - Semiconductors,2.74,2.9,2.7063,2.75,1,3.681241237375587,20,1,1,1,1,0
BELFB,Computer and Technology,Electronics - Miscellaneous Products,0__2,0,2.0,1. p999999_trade_value,4440.000000000001,4440.000000000001,O:BELFB241115P00075000,BELFB,P,75.0,2024-11-15,232,0,312,3.7,1731430272311000000,12,4440.000000000001,2024-11-12,3000.0,30,True,Multi Leg auto-electronic trade,Computer and Technology,Electronics - Miscellaneous Products,81.75,82.14,79.53,79.86,1,3.64738297011462,20,1,1,1,1,0
BLNK,Computer and Technology,Electronics - Miscellaneous Services,10__0,10,0.0,8. p75_trade_value,7280.0,7280.0,O:BLNK241011C00002000,BLNK,C,2.0,2024-10-11,227,0,323,0.08,1728064299665000000,910,7280.0,2024-10-04,3000.0,30,True,Single Leg Auction Non ISO,Computer and Technology,Electronics - Miscellaneous Services,1.83,1.99,1.765,1.96,2,3.862131379313037,20,2,1,1,0,0
BLNK,Computer and Technology,Electronics - Miscellaneous Services,10__0,10,0.0,1. p999999_trade_value,12000.0,12000.0,O:BLNK241011C00002000,BLNK,C,2.0,2024-10-11,209,0,302,0.12,1728062341331000000,1000,12000.0,2024-10-04,3000.0,30,True,Automatic Execution,Computer and Technology,Electronics - Miscellaneous Services,1.83,1.99,1.765,1.96,1,4.079181246047625,20,1,1,1,0,0
CAMT,Computer and Technology,Electronics - Measuring Instruments,25__0,25,0.0,1. p999999_trade_value,40999.99999999999,40999.99999999999,O:CAMT250221C00090000,CAMT,C,90.0,2025-02-21,209,0,320,4.1,1739210812254000000,100,40999.99999999999,2025-02-10,3000.0,30,True,Automatic Execution,Computer and Technology,Electronics - Measuring Instruments,88.0,89.3399,85.71,88.75,1,4.6127838567197355,20,1,1,0,0,0
CEVA,Computer and Technology,Electronics - Semiconductors,10__0,10,0.0,1. p999999_trade_value,4950.0,4950.0,O:CEVA250321C00035000,CEVA,C,35.0,2025-03-21,209,0,308,1.65,1740418273138000000,30,4950.0,2025-02-24,3000.0,30,True,Automatic Execution,Computer and Technology,Electronics - Semiconductors,34.64,34.9607,33.51,33.69,1,3.694605198933569,20,1,1,0,0,0
CLS,Computer and Technology,Electronics - Manufacturing Services,40__2,40,2.0,5. p99_trade_value,100650.0,740346.0,O:CLS241025C00060000,CLS,C,60.0,2024-10-25,231,0,313,2.0,1729521494724000000,1000,200000.0,2024-10-21,3000.0,30,True,Single Leg Floor Trade,Computer and Technology,Electronics - Manufacturing Services,57.19,57.66,56.26,56.68,30,5.301029995663981,20,1,1,1,1,0
CLS,Computer and Technology,Electronics - Manufacturing Services,40__2,40,2.0,5. p99_trade_value,100650.0,740346.0,O:CLS241115C00070000,CLS,C,70.0,2024-11-15,235,0,313,2.45,1729780645457000000,1000,245000.0,2024-10-24,3000.0,30,True,Multi Leg floor trade,Computer and Technology,Electronics - Manufacturing Services,62.7,68.44,62.6,67.94,25,5.389166084364533,20,1,1,1,1,0
CLS,Computer and Technology,Electronics - Manufacturing Services,40__2,40,2.0,5. p99_trade_value,100650.0,740346.0,O:CLS241115C00072500,CLS,C,72.5,2024-11-15,235,0,313,2.2,1730123317778000000,1450,319000.00000000006,2024-10-28,3000.0,30,True,Multi Leg floor trade,Computer and Technology,Electronics - Manufacturing Services,70.19,70.72,69.11,70.3,20,5.503790683057181,20,1,1,1,1,0
CLS,Computer and Technology,Electronics - Manufacturing Services,40__2,40,2.0,5. p99_trade_value,100650.0,740346.0,O:CLS241115C00076000,CLS,C,76.0,2024-11-15,235,0,313,1.2,1730733363869000000,1000,120000.0,2024-11-04,3000.0,30,True,Multi Leg floor trade,Computer and Technology,Electronics - Manufacturing Services,71.15,73.18,70.72,72.32,50,5.079181246047625,20,1,1,1,1,0
CLS,Computer and Technology,Electronics - Manufacturing Services,40__2,40,2.0,5. p99_trade_value,100650.0,740346.0,O:CLS241115C00079000,CLS,C,79.0,2024-11-15,235,0,313,1.3,1730817680628000000,1450,188500.0,2024-11-05,3000.0,30,True,Multi Leg floor trade,Computer and Technology,Electronics - Manufacturing Services,73.94,76.28,73.5,75.63,31,5.275311354541811,20,1,1,1,1,0
CLS,Computer and Technology,Electronics - Manufacturing Services,40__2,40,2.0,5. p99_trade_value,100650.0,740346.0,O:CLS241115C00080000,CLS,C,80.0,2024-11-15,239,0,302,1.22,1730823434373000000,825,100650.0,2024-11-05,3000.0,30,True,Multi Leg floor trade against single leg(s),Computer and Technology,Electronics - Manufacturing Services,73.94,76.28,73.5,75.63,57,5.002813779224673,20,1,1,1,1,0
CLS,Computer and Technology,Electronics - Manufacturing Services,40__2,40,2.0,1. p999999_trade_value,1215000.0,1215000.0,O:CLS241220C00095000,CLS,C,95.0,2024-12-20,235,0,313,4.5,1732201124196000000,2700,1215000.0,2024-11-21,3000.0,30,True,Multi Leg floor trade,Computer and Technology,Electronics - Manufacturing Services,88.54,93.15,88.53,91.44,1,6.084576277934331,20,1,1,1,1,0
CLS,Computer and Technology,Electronics - Manufacturing Services,40__2,40,2.0,5. p99_trade_value,100650.0,740346.0,O:CLS241220C00100000,CLS,C,100.0,2024-12-20,235,0,323,1.45,1733498554400000000,1000,145000.0,2024-12-06,3000.0,30,True,Multi Leg floor trade,Computer and Technology,Electronics - Manufacturing Services,92.44,96.0,91.95,94.86,44,5.161368002234975,20,1,1,0,0,0
CLS,Computer and Technology,Electronics - Manufacturing Services,40__2,40,2.0,5. p99_trade_value,100650.0,740346.0,O:CLS250117P00094000,CLS,P,94.0,2025-01-17,235,0,301,4.5,1735327585497000000,450,202500.0,2024-12-27,3000.0,30,True,Multi Leg floor trade,Computer and Technology,Electronics - Manufacturing Services,97.0,97.945,94.11,95.1,29,5.306425027550687,20,1,1,0,0,0
CLS,Computer and Technology,Electronics - Manufacturing Services,40__2,40,2.0,5. p99_trade_value,100650.0,740346.0,O:CLS250124C00105000,CLS,C,105.0,2025-01-24,232,0,308,4.69,1736530712746000000,250,117250.0,2025-01-10,3000.0,30,True,Multi Leg auto-electronic trade,Computer and Technology,Electronics - Manufacturing Services,101.97,104.922,99.1728,103.64,52,5.069112851387121,20,1,1,1,1,0
CLS,Computer and Technology,Electronics - Manufacturing Services,40__2,40,2.0,5. p99_trade_value,100650.0,740346.0,O:CLS250117C00105000,CLS,C,105.0,2025-01-17,235,0,323,2.35,1736865719450000000,600,141000.0,2025-01-14,3000.0,30,True,Multi Leg floor trade,Computer and Technology,Electronics - Manufacturing Services,102.56,104.77,101.46,103.11,45,5.14921911265538,20,1,1,1,1,0
CLS,Computer and Technology,Electronics - Manufacturing Services,40__2,40,2.0,5. p99_trade_value,100650.0,740346.0,O:CLS250131C00120000,CLS,C,120.0,2025-01-31,231,0,301,6.6,1737490139963000000,280,184800.0,2025-01-21,3000.0,30,True,Single Leg Floor Trade,Computer and Technology,Electronics - Manufacturing Services,119.33,119.77,114.35,118.1,33,5.266701966884088,20,1,1,1,1,0
CLS,Computer and Technology,Electronics - Manufacturing Services,40__2,40,2.0,4. p999_trade_value,815999.9999999999,1038375.0,O:CLS250221C00135000,CLS,C,135.0,2025-02-21,235,0,323,7.0,1737556821715000000,1300,910000.0,2025-01-22,3000.0,30,True,Multi Leg floor trade,Computer and Technology,Electronics - Manufacturing Services,123.81,131.23,121.86,123.27,4,5.959041392321094,20,1,1,0,0,0
CLS,Computer and Technology,Electronics - Manufacturing Services,40__2,40,2.0,5. p99_trade_value,100650.0,740346.0,O:CLS250221C00130000,CLS,C,130.0,2025-02-21,209,0,308,8.0,1737734878257000000,200,160000.0,2025-01-24,3000.0,30,True,Automatic Execution,Computer and Technology,Electronics - Manufacturing Services,124.15,126.01,121.42,121.69,40,5.204119982655925,20,1,1,1,0,0
CLS,Computer and Technology,Electronics - Manufacturing Services,40__2,40,2.0,5. p99_trade_value,100650.0,740346.0,O:CLS250221C00130000,CLS,C,130.0,2025-02-21,209,0,308,8.5,1737736625349000000,199,169150.0,2025-01-24,3000.0,30,True,Automatic Execution,Computer and Technology,Electronics - Manufacturing Services,124.15,126.01,121.42,121.69,37,5.228272002123999,20,1,1,1,0,0
CLS,Computer and Technology,Electronics - Manufacturing Services,40__2,40,2.0,5. p99_trade_value,100650.0,740346.0,O:CLS250207C00120000,CLS,C,120.0,2025-02-07,209,0,308,2.25,1737990598611000000,1000,225000.0,2025-01-27,3000.0,30,True,Automatic Execution,Computer and Technology,Electronics - Manufacturing Services,105.63,107.73,86.12,87.36,27,5.352182518111363,20,1,1,1,1,0
CLS,Computer and Technology,Electronics - Manufacturing Services,40__2,40,2.0,5. p99_trade_value,100650.0,740346.0,O:CLS250221C00115000,CLS,C,115.0,2025-02-21,239,0,302,2.31,1738002161526000000,945,218295.00000000003,2025-01-27,3000.0,30,True,Multi Leg floor trade against single leg(s),Computer and Technology,Electronics - Manufacturing Services,105.63,107.73,86.12,87.36,28,5.3390437884014075,20,1,1,1,1,0
CLS,Computer and Technology,Electronics - Manufacturing Services,40__2,40,2.0,5. p99_trade_value,100650.0,740346.0,O:CLS250221C00105000,CLS,C,105.0,2025-02-21,239,0,302,6.5,1738163918121000000,670,435500.0,2025-01-29,3000.0,30,True,Multi Leg floor trade against single leg(s),Computer and Technology,Electronics - Manufacturing Services,98.23,102.61,97.83,100.49,13,5.638988159343682,20,1,1,1,1,0
CLS,Computer and Technology,Electronics - Manufacturing Services,40__2,40,2.0,5. p99_trade_value,100650.0,740346.0,O:CLS250221P00080000,CLS,P,80.0,2025-02-21,229,0,312,1.45,1738180886416000000,1000,145000.0,2025-01-29,3000.0,30,True,Single Leg Cross Non ISO,Computer and Technology,Electronics - Manufacturing Services,98.23,102.61,97.83,100.49,43,5.161368002234975,20,1,0,0,0,1
CLS,Computer and Technology,Electronics - Manufacturing Services,40__2,40,2.0,5. p99_trade_value,100650.0,740346.0,O:CLS250214P00110000,CLS,P,110.0,2025-02-14,209,0,308,4.3,1738249444440000000,300,129000.0,2025-01-30,3000.0,30,True,Automatic Execution,Computer and Technology,Electronics - Manufacturing Services,117.1,117.67,111.0,114.15,47,5.110589710299249,20,1,1,0,0,0
CLS,Computer and Technology,Electronics - Manufacturing Services,40__2,40,2.0,5. p99_trade_value,100650.0,740346.0,O:CLS250221C00130000,CLS,C,130.0,2025-02-21,235,0,313,5.2,1738596955070000000,800,416000.0,2025-02-03,3000.0,30,True,Multi Leg floor trade,Computer and Technology,Electronics - Manufacturing Services,110.8,126.15,109.0,120.88,14,5.619093330626742,20,1,1,1,0,0
CLS,Computer and Technology,Electronics - Manufacturing Services,40__2,40,2.0,5. p99_trade_value,100650.0,740346.0,O:CLS250221C00145000,CLS,C,145.0,2025-02-21,227,0,312,7.71,1738788900385000000,135,104084.99999999999,2025-02-05,3000.0,30,True,Single Leg Auction Non ISO,Computer and Technology,Electronics - Manufacturing Services,135.05,144.27,132.252,143.67,56,5.017388146545963,20,1,0,0,0,1
CLS,Computer and Technology,Electronics - Manufacturing Services,40__2,40,2.0,5. p99_trade_value,100650.0,740346.0,O:CLS250221C00145000,CLS,C,145.0,2025-02-21,239,0,302,5.85,1738774518148000000,300,175500.0,2025-02-05,3000.0,30,True,Multi Leg floor trade against single leg(s),Computer and Technology,Electronics - Manufacturing Services,135.05,144.27,132.252,143.67,35,5.244277120801843,20,1,0,0,0,1
CLS,Computer and Technology,Electronics - Manufacturing Services,40__2,40,2.0,5. p99_trade_value,100650.0,740346.0,O:CLS250321C00135000,CLS,C,135.0,2025-03-21,233,0,308,7.57,1740150624437000000,978,740346.0,2025-02-21,3000.0,30,True,Multi Leg Auction,Computer and Technology,Electronics - Manufacturing Services,128.37,130.21,118.6001,119.25,7,5.869434734287674,20,1,0,0,0,1
CLS,Computer and Technology,Electronics - Manufacturing Services,40__2,40,2.0,5. p99_trade_value,100650.0,740346.0,O:CLS250321C00140000,CLS,C,140.0,2025-03-21,233,0,323,3.55,1740164027102000000,1312,465759.99999999994,2025-02-21,3000.0,30,True,Multi Leg Auction,Computer and Technology,Electronics - Manufacturing Services,128.37,130.21,118.6001,119.25,12,5.668162188094736,20,1,0,0,0,1
CLS,Computer and Technology,Electronics - Manufacturing Services,40__2,40,2.0,5. p99_trade_value,100650.0,740346.0,O:CLS250321C00140000,CLS,C,140.0,2025-03-21,233,0,323,3.54,1740164027102000000,688,243552.0,2025-02-21,3000.0,30,True,Multi Leg Auction,Computer and Technology,Electronics - Manufacturing Services,128.37,130.21,118.6001,119.25,26,5.386591700261299,20,1,0,0,0,1
CLS,Computer and Technology,Electronics - Manufacturing Services,40__2,40,2.0,5. p99_trade_value,100650.0,740346.0,O:CLS250321P00100000,CLS,P,100.0,2025-03-21,233,0,323,1.68,1740164027102000000,3984,669312.0,2025-02-21,3000.0,30,True,Multi Leg Auction,Computer and Technology,Electronics - Manufacturing Services,128.37,130.21,118.6001,119.25,8,5.825628611477524,20,1,1,1,1,0
CLS,Computer and Technology,Electronics - Manufacturing Services,40__2,40,2.0,5. p99_trade_value,100650.0,740346.0,O:CLS250321C00140000,CLS,C,140.0,2025-03-21,233,0,300,1.7,1740410872964000000,2076,352920.0,2025-02-24,3000.0,30,True,Multi Leg Auction,Computer and Technology,Electronics - Manufacturing Services,120.0,121.4611,108.88,110.88,19,5.547676270554694,20,1,0,0,0,1
CLS,Computer and Technology,Electronics - Manufacturing Services,40__2,40,2.0,5. p99_trade_value,100650.0,740346.0,O:CLS250321C00140000,CLS,C,140.0,2025-03-21,233,0,300,1.7,1740410872964000000,916,155720.0,2025-02-24,3000.0,30,True,Multi Leg Auction,Computer and Technology,Electronics - Manufacturing Services,120.0,121.4611,108.88,110.88,41,5.192344395046124,20,1,0,0,0,1
CLS,Computer and Technology,Electronics - Manufacturing Services,40__2,40,2.0,5. p99_trade_value,100650.0,740346.0,O:CLS250321C00140000,CLS,C,140.0,2025-03-21,233,0,300,1.7,1740412715577000000,2076,352920.0,2025-02-24,3000.0,30,True,Multi Leg Auction,Computer and Technology,Electronics - Manufacturing Services,120.0,121.4611,108.88,110.88,18,5.547676270554694,20,1,0,0,0,1
CLS,Computer and Technology,Electronics - Manufacturing Services,40__2,40,2.0,5. p99_trade_value,100650.0,740346.0,O:CLS250321P00087500,CLS,P,87.5,2025-03-21,233,0,300,1.25,1740410872964000000,3114,389250.0,2025-02-24,3000.0,30,True,Multi Leg Auction,Computer and Technology,Electronics - Manufacturing Services,120.0,121.4611,108.88,110.88,17,5.590228621240158,20,1,1,0,0,0
CLS,Computer and Technology,Electronics - Manufacturing Services,40__2,40,2.0,5. p99_trade_value,100650.0,740346.0,O:CLS250321P00087500,CLS,P,87.5,2025-03-21,233,0,300,1.25,1740412749328000000,3114,389250.0,2025-02-24,3000.0,30,True,Multi Leg Auction,Computer and Technology,Electronics - Manufacturing Services,120.0,121.4611,108.88,110.88,16,5.590228621240158,20,1,1,0,0,0
CLS,Computer and Technology,Electronics - Manufacturing Services,40__2,40,2.0,5. p99_trade_value,100650.0,740346.0,O:CLS250321P00087500,CLS,P,87.5,2025-03-21,233,0,300,1.25,1740410872964000000,1374,171750.0,2025-02-24,3000.0,30,True,Multi Leg Auction,Computer and Technology,Electronics - Manufacturing Services,120.0,121.4611,108.88,110.88,36,5.2348967457315885,20,1,1,0,0,0
CLS,Computer and Technology,Electronics - Manufacturing Services,40__2,40,2.0,5. p99_trade_value,100650.0,740346.0,O:CLS250307P00095000,CLS,P,95.0,2025-03-07,227,0,301,1.91,1740507084368000000,1606,306746.0,2025-02-25,3000.0,30,True,Single Leg Auction Non ISO,Computer and Technology,Electronics - Manufacturing Services,106.57,111.982,102.2522,106.11,21,5.48677890819039,20,1,1,1,1,0
CLS,Computer and Technology,Electronics - Manufacturing Services,40__2,40,2.0,5. p99_trade_value,100650.0,740346.0,O:CLS250321P00075000,CLS,P,75.0,2025-03-21,235,0,300,1.65,1741379694464000000,1750,288750.0,2025-03-07,3000.0,30,True,Multi Leg floor trade,Computer and Technology,Electronics - Manufacturing Services,82.36,87.66,80.26,87.53,22,5.460521992900201,20,1,0,0,0,1
CLS,Computer and Technology,Electronics - Manufacturing Services,40__2,40,2.0,5. p99_trade_value,100650.0,740346.0,O:CLS250328C00085000,CLS,C,85.0,2025-03-28,209,0,313,4.6,1741622970311000000,353,162380.0,2025-03-10,3000.0,30,True,Automatic Execution,Computer and Technology,Electronics - Manufacturing Services,82.75,84.605,78.33,81.15,38,5.210532537069397,20,1,1,1,0,0
CLS,Computer and Technology,Electronics - Manufacturing Services,40__2,40,2.0,5. p99_trade_value,100650.0,740346.0,O:CLS250417P00080000,CLS,P,80.0,2025-04-17,209,0,316,4.3,1742326051360000000,422,181460.0,2025-03-18,3000.0,30,True,Automatic Execution,Computer and Technology,Electronics - Manufacturing Services,90.88,91.03,86.23,87.47,34,5.2587809065412605,20,1,1,1,0,0
CLS,Computer and Technology,Electronics - Manufacturing Services,40__2,40,2.0,5. p99_trade_value,100650.0,740346.0,O:CLS250417C00100000,CLS,C,100.0,2025-04-17,239,0,302,6.38,1742480765144000000,240,153120.0,2025-03-20,3000.0,30,True,Multi Leg floor trade against single leg(s),Computer and Technology,Electronics - Manufacturing Services,91.61,98.64,90.93,95.65,42,5.185031920432769,20,1,1,0,0,0
CLS,Computer and Technology,Electronics - Manufacturing Services,40__2,40,2.0,5. p99_trade_value,100650.0,740346.0,O:CLS250417C00100000,CLS,C,100.0,2025-04-17,234,0,302,6.38,1742480681954000000,400,255200.0,2025-03-20,3000.0,30,True,Multi Leg Cross,Computer and Technology,Electronics - Manufacturing Services,91.61,98.64,90.93,95.65,23,5.406880670049125,20,1,1,0,0,0
CLS,Computer and Technology,Electronics - Manufacturing Services,40__2,40,2.0,5. p99_trade_value,100650.0,740346.0,O:CLS250417C00105000,CLS,C,105.0,2025-04-17,239,0,302,4.57,1742486835002000000,897,409929.0,2025-03-20,3000.0,30,True,Multi Leg floor trade against single leg(s),Computer and Technology,Electronics - Manufacturing Services,91.61,98.64,90.93,95.65,15,5.612708643113942,20,1,0,0,0,1
CLS,Computer and Technology,Electronics - Manufacturing Services,40__2,40,2.0,5. p99_trade_value,100650.0,740346.0,O:CLS250417C00097500,CLS,C,97.5,2025-04-17,227,0,312,6.69,1742575006716000000,162,108378.0,2025-03-21,3000.0,30,True,Single Leg Auction Non ISO,Computer and Technology,Electronics - Manufacturing Services,94.45,96.63,91.615,95.95,54,5.034941132310454,20,1,1,0,0,0
CLS,Computer and Technology,Electronics - Manufacturing Services,40__2,40,2.0,5. p99_trade_value,100650.0,740346.0,O:CLS250417C00100000,CLS,C,100.0,2025-04-17,209,0,302,5.6,1742574837875000000,450,252000.0,2025-03-21,3000.0,30,True,Automatic Execution,Computer and Technology,Electronics - Manufacturing Services,94.45,96.63,91.615,95.95,24,5.401400540781544,20,1,1,0,0,0
CLS,Computer and Technology,Electronics - Manufacturing Services,40__2,40,2.0,5. p99_trade_value,100650.0,740346.0,O:CLS250417C00105000,CLS,C,105.0,2025-04-17,239,0,302,4.47,1742826306128000000,1120,500639.99999999994,2025-03-24,3000.0,30,True,Multi Leg floor trade against single leg(s),Computer and Technology,Electronics - Manufacturing Services,100.255,101.52,98.78,99.98,11,5.699525545802118,20,1,0,0,0,1
CLS,Computer and Technology,Electronics - Manufacturing Services,40__2,40,2.0,5. p99_trade_value,100650.0,740346.0,O:CLS250516C00092500,CLS,C,92.5,2025-05-16,231,0,301,3.7,1745265060146000000,500,185000.0,2025-04-21,3000.0,30,True,Single Leg Floor Trade,Computer and Technology,Electronics - Manufacturing Services,82.48,84.53,78.8406,80.59,32,5.267171728403014,20,1,1,1,1,0
CLS,Computer and Technology,Electronics - Manufacturing Services,40__2,40,2.0,5. p99_trade_value,100650.0,740346.0,O:CLS250516C00095000,CLS,C,95.0,2025-05-16,209,0,308,6.9,1745418410589000000,156,107640.00000000001,2025-04-23,3000.0,30,True,Automatic Execution,Computer and Technology,Electronics - Manufacturing Services,88.52,92.75,87.13,88.19,55,5.031973689091717,20,1,1,1,1,0
CLS,Computer and Technology,Electronics - Manufacturing Services,40__2,40,2.0,5. p99_trade_value,100650.0,740346.0,O:CLS250516C00095000,CLS,C,95.0,2025-05-16,235,0,313,6.0,1745418121151000000,900,540000.0,2025-04-23,3000.0,30,True,Multi Leg floor trade,Computer and Technology,Electronics - Manufacturing Services,88.52,92.75,87.13,88.19,10,5.732393759822968,20,1,1,1,1,0
CLS,Computer and Technology,Electronics - Manufacturing Services,40__2,40,2.0,4. p999_trade_value,815999.9999999999,1038375.0,O:CLS250502C00100000,CLS,C,100.0,2025-05-02,235,0,301,5.1,1745512748947000000,1600,815999.9999999999,2025-04-24,3000.0,30,True,Multi Leg floor trade,Computer and Technology,Electronics - Manufacturing Services,90.23,95.22,90.1,92.14,6,5.911690158753861,20,1,0,0,0,1
CLS,Computer and Technology,Electronics - Manufacturing Services,40__2,40,2.0,4. p999_trade_value,815999.9999999999,1038375.0,O:CLS250516C00100000,CLS,C,100.0,2025-05-16,232,0,304,5.65,1745505416592000000,1500,847500.0,2025-04-24,3000.0,30,True,Multi Leg auto-electronic trade,Computer and Technology,Electronics - Manufacturing Services,90.23,95.22,90.1,92.14,5,5.92813970687512,20,1,1,1,1,0
CLS,Computer and Technology,Electronics - Manufacturing Services,40__2,40,2.0,4. p999_trade_value,815999.9999999999,1038375.0,O:CLS250516C00100000,CLS,C,100.0,2025-05-16,235,0,313,6.6,1745512647636000000,1500,990000.0,2025-04-24,3000.0,30,True,Multi Leg floor trade,Computer and Technology,Electronics - Manufacturing Services,90.23,95.22,90.1,92.14,3,5.99563519459755,20,1,1,1,1,0
CLS,Computer and Technology,Electronics - Manufacturing Services,40__2,40,2.0,4. p999_trade_value,815999.9999999999,1038375.0,O:CLS250516C00100000,CLS,C,100.0,2025-05-16,235,0,313,5.85,1745505537322000000,1775,1038375.0,2025-04-24,3000.0,30,True,Multi Leg floor trade,Computer and Technology,Electronics - Manufacturing Services,90.23,95.22,90.1,92.14,2,6.016354223473293,20,1,1,1,1,0
CLS,Computer and Technology,Electronics - Manufacturing Services,40__2,40,2.0,5. p99_trade_value,100650.0,740346.0,O:CLS250620C00122000,CLS,C,122.0,2025-06-20,209,0,308,6.0,1747840524637000000,210,126000.0,2025-05-21,3000.0,30,True,Automatic Execution,Computer and Technology,Electronics - Manufacturing Services,112.66,117.5,111.76,114.03,48,5.1003705451175625,20,1,1,0,0,0
CLS,Computer and Technology,Electronics - Manufacturing Services,40__2,40,2.0,5. p99_trade_value,100650.0,740346.0,O:CLS250620C00122000,CLS,C,122.0,2025-06-20,209,0,308,6.0,1747840629547000000,209,125400.0,2025-05-21,3000.0,30,True,Automatic Execution,Computer and Technology,Electronics - Manufacturing Services,112.66,117.5,111.76,114.03,49,5.098297536494697,20,1,1,0,0,0
CLS,Computer and Technology,Electronics - Manufacturing Services,40__2,40,2.0,5. p99_trade_value,100650.0,740346.0,O:CLS250620C00122000,CLS,C,122.0,2025-06-20,209,0,308,6.0,1747840621013000000,218,130800.0,2025-05-21,3000.0,30,True,Automatic Execution,Computer and Technology,Electronics - Manufacturing Services,112.66,117.5,111.76,114.03,46,5.116607743988248,20,1,1,0,0,0
CLS,Computer and Technology,Electronics - Manufacturing Services,40__2,40,2.0,5. p99_trade_value,100650.0,740346.0,O:CLS250620C00125000,CLS,C,125.0,2025-06-20,235,0,313,6.0,1747922824385000000,200,120000.0,2025-05-22,3000.0,30,True,Multi Leg floor trade,Computer and Technology,Electronics - Manufacturing Services,113.75,120.04,113.75,118.32,51,5.079181246047625,20,1,1,0,0,0
CLS,Computer and Technology,Electronics - Manufacturing Services,40__2,40,2.0,5. p99_trade_value,100650.0,740346.0,O:CLS250620P00115000,CLS,P,115.0,2025-06-20,234,0,302,6.4,1748011446496000000,250,160000.0,2025-05-23,3000.0,30,True,Multi Leg Cross,Computer and Technology,Electronics - Manufacturing Services,116.39,121.28,115.38,119.47,39,5.204119982655925,20,1,1,0,0,0
CLS,Computer and Technology,Electronics - Manufacturing Services,40__2,40,2.0,5. p99_trade_value,100650.0,740346.0,O:CLS250620C00130000,CLS,C,130.0,2025-06-20,235,0,313,5.15,1748354029615000000,1150,592250.0,2025-05-27,3000.0,30,True,Multi Leg floor trade,Computer and Technology,Electronics - Manufacturing Services,123.99,124.668,117.3401,118.88,9,5.772505069394803,20,1,1,0,0,0
CLS,Computer and Technology,Electronics - Manufacturing Services,40__2,40,2.0,5. p99_trade_value,100650.0,740346.0,O:CLS250620C00130000,CLS,C,130.0,2025-06-20,234,0,302,3.9,1749664077959000000,291,113489.99999999999,2025-06-11,3000.0,30,True,Multi Leg Cross,Computer and Technology,Electronics - Manufacturing Services,122.91,129.52,122.03,127.69,53,5.0549575960124065,20,1,1,0,0,0
CRDO,Computer and Technology,Electronics - Semiconductors,35__2,35,2.0,1. p999999_trade_value,572565.0,572565.0,O:CRDO250417P00030000,CRDO,P,30.0,2025-04-17,235,0,301,2.45,1743782222955000000,2337,572565.0,2025-04-04,3000.0,30,True,Multi Leg floor trade,Computer and Technology,Electronics - Semiconductors,33.985,34.1,30.82,33.3,1,5.7578247967567595,20,1,1,0,0,0
CRDO,Computer and Technology,Electronics - Semiconductors,35__2,35,2.0,1. p999999_trade_value,572565.0,572565.0,O:CRDO250417P00030000,CRDO,P,30.0,2025-04-17,235,0,301,2.45,1743784859567000000,2337,572565.0,2025-04-04,3000.0,30,True,Multi Leg floor trade,Computer and Technology,Electronics - Semiconductors,33.985,34.1,30.82,33.3,2,5.7578247967567595,20,1,1,0,0,0
CRUS,Computer and Technology,Electronics - Semiconductors,25__0,25,0.0,5. p99_trade_value,259870.00000000003,287164.0,O:CRUS241115P00105000,CRUS,P,105.0,2024-11-15,233,0,312,1.3,1729691804354000000,1999,259870.00000000003,2024-10-23,3000.0,30,True,Multi Leg Auction,Computer and Technology,Electronics - Semiconductors,123.95,124.95,116.34,119.1,3,5.414756146424954,20,1,1,1,1,0
CRUS,Computer and Technology,Electronics - Semiconductors,25__0,25,0.0,1. p999999_trade_value,1197000.0,1197000.0,O:CRUS241115P00115000,CRUS,P,115.0,2024-11-15,229,0,313,3.99,1729692624257000000,3000,1197000.0,2024-10-23,3000.0,30,True,Single Leg Cross Non ISO,Computer and Technology,Electronics - Semiconductors,123.95,124.95,116.34,119.1,1,6.078094150406411,20,1,1,1,1,0
CRUS,Computer and Technology,Electronics - Semiconductors,25__0,25,0.0,5. p99_trade_value,259870.00000000003,287164.0,O:CRUS241115P00105000,CRUS,P,105.0,2024-11-15,232,0,312,4.12,1730753294369000000,697,287164.0,2024-11-04,3000.0,30,True,Multi Leg auto-electronic trade,Computer and Technology,Electronics - Semiconductors,109.41,113.77,109.0,110.63,2,5.458129994131144,20,1,1,1,1,0
DAKT,Computer and Technology,Electronics - Miscellaneous Products,15__0,15,0.0,6. p95_trade_value,42500.0,42500.0,O:DAKT241220C00017500,DAKT,C,17.5,2024-12-20,209,0,313,0.85,1733254310546000000,500,42500.0,2024-12-03,3000.0,30,True,Automatic Execution,Computer and Technology,Electronics - Miscellaneous Products,16.15,16.49,16.02,16.33,3,4.628388930050312,20,2,1,0,0,0
DAKT,Computer and Technology,Electronics - Miscellaneous Products,15__0,15,0.0,6. p95_trade_value,42500.0,42500.0,O:DAKT241220C00017500,DAKT,C,17.5,2024-12-20,209,0,313,0.85,1733254647391000000,500,42500.0,2024-12-03,3000.0,30,True,Automatic Execution,Computer and Technology,Electronics - Miscellaneous Products,16.15,16.49,16.02,16.33,2,4.628388930050312,20,1,1,0,0,0
DAKT,Computer and Technology,Electronics - Miscellaneous Products,15__0,15,0.0,1. p999999_trade_value,89910.0,89910.0,O:DAKT241220C00017500,DAKT,C,17.5,2024-12-20,209,0,313,0.9,1733255777431000000,999,89910.0,2024-12-03,3000.0,30,True,Automatic Execution,Computer and Technology,Electronics - Miscellaneous Products,16.15,16.49,16.02,16.33,1,4.953807997665307,20,1,1,0,0,0
FLEX,Computer and Technology,Electronics - Miscellaneous Products,25__2,25,2.0,1. p999999_trade_value,170170.0,170170.0,O:FLEX241220P00040000,FLEX,P,40.0,2024-12-20,235,0,313,1.1,1732301998777000000,1547,170170.0,2024-11-22,3000.0,30,True,Multi Leg floor trade,Computer and Technology,Electronics - Miscellaneous Products,40.8,41.52,40.7,41.3,1,5.2308829988575924,20,1,1,1,1,0
FTV,Computer and Technology,Electronics - Testing Equipment,15__0,15,0.0,6. p95_trade_value,82390.00000000001,86134.99999999999,O:FTV241220C00080000,FTV,C,80.0,2024-12-20,231,0,323,1.1,1732304616684000000,749,82390.00000000001,2024-11-22,3000.0,30,True,Single Leg Floor Trade,Computer and Technology,Electronics - Testing Equipment,77.09,78.585,76.98,78.42,3,4.915874502857692,20,1,1,0,0,0
FTV,Computer and Technology,Electronics - Testing Equipment,15__0,15,0.0,6. p95_trade_value,82390.00000000001,86134.99999999999,O:FTV241220C00080000,FTV,C,80.0,2024-12-20,231,0,323,1.15,1732301156601000000,749,86134.99999999999,2024-11-22,3000.0,30,True,Single Leg Floor Trade,Computer and Technology,Electronics - Testing Equipment,77.09,78.585,76.98,78.42,2,4.9351796580530785,20,1,1,0,0,0
FTV,Computer and Technology,Electronics - Testing Equipment,15__0,15,0.0,6. p95_trade_value,82390.00000000001,86134.99999999999,O:FTV241220C00080000,FTV,C,80.0,2024-12-20,231,0,323,1.15,1732305751503000000,749,86134.99999999999,2024-11-22,3000.0,30,True,Single Leg Floor Trade,Computer and Technology,Electronics - Testing Equipment,77.09,78.585,76.98,78.42,1,4.9351796580530785,20,1,1,0,0,0
GRMN,Computer and Technology,Electronics - Miscellaneous Products,30__2,30,2.0,1. p999999_trade_value,166870.0,166870.0,O:GRMN241115C00210000,GRMN,C,210.0,2024-11-15,209,0,325,3.7,1730315937848000000,451,166870.0,2024-10-30,3000.0,30,True,Automatic Execution,Computer and Technology,Electronics - Miscellaneous Products,186.1,207.22,186.1,204.92,1,5.222378265944956,20,1,1,1,0,0
ICHR,Computer and Technology,Electronics - Semiconductors,5__3,5,3.0,1. p999999_trade_value,23900.0,23900.0,O:ICHR250221C00030000,ICHR,C,30.0,2025-02-21,209,0,325,1.0,1738702162043000000,239,23900.0,2025-02-04,3000.0,30,True,Automatic Execution,Computer and Technology,Electronics - Semiconductors,26.98,28.285,26.98,28.21,1,4.378397900948138,20,1,1,1,1,0
ICHR,Computer and Technology,Electronics - Semiconductors,5__3,5,3.0,8. p75_trade_value,17290.0,17290.0,O:ICHR250221C00030000,ICHR,C,30.0,2025-02-21,209,0,325,0.95,1738702151639000000,182,17290.0,2025-02-04,3000.0,30,True,Automatic Execution,Computer and Technology,Electronics - Semiconductors,26.98,28.285,26.98,28.21,2,4.237794993273923,20,2,1,1,1,0
IESC,Computer and Technology,Electronics - Miscellaneous Services,25__0,25,0.0,5. p99_trade_value,126000.0,214600.0,O:IESC240920C00190000,IESC,C,190.0,2024-09-20,235,0,323,4.6,1724874647256000000,300,138000.0,2024-08-28,3000.0,30,True,Multi Leg floor trade,Computer and Technology,Electronics - Miscellaneous Services,180.5,181.2,172.01,176.31,4,5.139879086401237,20,1,0,0,0,1
IESC,Computer and Technology,Electronics - Miscellaneous Services,25__0,25,0.0,5. p99_trade_value,126000.0,214600.0,O:IESC240920P00165000,IESC,P,165.0,2024-09-20,235,0,323,4.2,1724874647255000000,300,126000.0,2024-08-28,3000.0,30,True,Multi Leg floor trade,Computer and Technology,Electronics - Miscellaneous Services,180.5,181.2,172.01,176.31,5,5.1003705451175625,20,1,1,0,0,0
IESC,Computer and Technology,Electronics - Miscellaneous Services,25__0,25,0.0,1. p999999_trade_value,225000.0,225000.0,O:IESC241220C00300000,IESC,C,300.0,2024-12-20,235,0,313,9.0,1732125670723000000,250,225000.0,2024-11-20,3000.0,30,True,Multi Leg floor trade,Computer and Technology,Electronics - Miscellaneous Services,288.28,292.21,258.6,265.6,1,5.352182518111363,20,1,1,0,0,0
IESC,Computer and Technology,Electronics - Miscellaneous Services,25__0,25,0.0,5. p99_trade_value,126000.0,214600.0,O:IESC241220P00220000,IESC,P,220.0,2024-12-20,235,0,313,7.25,1732125670724000000,250,181250.0,2024-11-20,3000.0,30,True,Multi Leg floor trade,Computer and Technology,Electronics - Miscellaneous Services,288.28,292.21,258.6,265.6,3,5.2582780152430315,20,1,1,1,1,0
IESC,Computer and Technology,Electronics - Miscellaneous Services,25__0,25,0.0,5. p99_trade_value,126000.0,214600.0,O:IESC250221P00200000,IESC,P,200.0,2025-02-21,234,0,308,7.25,1737995707020000000,296,214600.0,2025-01-27,3000.0,30,True,Multi Leg Cross,Computer and Technology,Electronics - Miscellaneous Services,263.01,263.5298,213.515,215.0,2,5.331629717629932,20,1,1,1,1,0
ITRI,Computer and Technology,Electronics - Testing Equipment,15__0,15,0.0,1. p999999_trade_value,13000.0,13000.0,O:ITRI241220C00120000,ITRI,C,120.0,2024-12-20,209,0,313,2.6,1732204494403000000,50,13000.0,2024-11-21,3000.0,30,True,Automatic Execution,Computer and Technology,Electronics - Testing Equipment,115.32,118.25,114.5575,116.37,1,4.113943352306837,20,1,1,0,0,0
JBL,Computer and Technology,Electronics - Manufacturing Services,30__2,30,2.0,4. p999_trade_value,449000.0,449000.0,O:JBL241018C00115000,JBL,C,115.0,2024-10-18,229,0,313,4.49,1726767373664000000,1000,449000.0,2024-09-19,3000.0,30,True,Single Leg Cross Non ISO,Computer and Technology,Electronics - Manufacturing Services,111.23,111.69,109.56,110.86,2,5.652246341003323,20,1,1,1,1,0
JBL,Computer and Technology,Electronics - Manufacturing Services,30__2,30,2.0,1. p999999_trade_value,640000.0,640000.0,O:JBL250620C00170000,JBL,C,170.0,2025-06-20,229,0,313,6.4,1748548388354000000,1000,640000.0,2025-05-29,3000.0,30,True,Single Leg Cross Non ISO,Computer and Technology,Electronics - Manufacturing Services,169.45,169.97,166.1595,168.55,1,5.8061799739838875,20,1,1,0,0,0
KEYS,Computer and Technology,Electronics - Measuring Instruments,25__0,25,0.0,1. p999999_trade_value,270000.0,270000.0,O:KEYS250221C00175000,KEYS,C,175.0,2025-02-21,242,0,300,5.4,1737650581022000000,500,270000.0,2025-01-23,3000.0,30,True,Stock Options floor trade,Computer and Technology,Electronics - Measuring Instruments,171.44,173.65,171.09,173.17,1,5.431363764158987,20,1,1,1,1,0
KOPN,Computer and Technology,Electronics - Miscellaneous Products,15__0,15,0.0,1. p999999_trade_value,20000.0,20000.0,O:KOPN250117C00001500,KOPN,C,1.5,2025-01-17,209,0,323,0.2,1734629381075000000,1000,20000.0,2024-12-19,3000.0,30,True,Automatic Execution,Computer and Technology,Electronics - Miscellaneous Products,1.38,1.48,1.27,1.33,1,4.301029995663981,20,1,1,0,0,0
KULR,Computer and Technology,Electronics - Semiconductors,30__2,30,2.0,1. p999999_trade_value,89838.0,89838.0,O:KULR250117C00005000,KULR,C,5.0,2025-01-17,227,0,301,0.31,1734547482013000000,2898,89838.0,2024-12-18,3000.0,30,True,Single Leg Auction Non ISO,Computer and Technology,Electronics - Semiconductors,1.5,2.64,1.47,2.08,1,4.953460074969429,20,1,1,0,0,0
KULR,Computer and Technology,Electronics - Semiconductors,30__2,30,2.0,5. p99_trade_value,37425.0,75000.0,O:KULR250117C00003000,KULR,C,3.0,2025-01-17,209,0,325,0.75,1734714472837000000,1000,75000.0,2024-12-20,3000.0,30,True,Automatic Execution,Computer and Technology,Electronics - Semiconductors,2.3,2.95,2.15,2.95,2,4.8750612633917,20,1,1,0,0,0
KULR,Computer and Technology,Electronics - Semiconductors,30__2,30,2.0,5. p99_trade_value,37425.0,75000.0,O:KULR250117C00005000,KULR,C,5.0,2025-01-17,209,0,309,1.25,1735245741492000000,303,37875.0,2024-12-26,3000.0,30,True,Automatic Execution,Computer and Technology,Electronics - Semiconductors,3.52,4.94,3.43,4.8,6,4.578352641510361,20,1,1,0,0,0
KULR,Computer and Technology,Electronics - Semiconductors,30__2,30,2.0,5. p99_trade_value,37425.0,75000.0,O:KULR250117C00005000,KULR,C,5.0,2025-01-17,227,0,323,1.04,1735224262846000000,480,49920.00000000001,2024-12-26,3000.0,30,True,Single Leg Auction Non ISO,Computer and Technology,Electronics - Semiconductors,3.52,4.94,3.43,4.8,4,4.698274576674367,20,1,1,0,0,0
KULR,Computer and Technology,Electronics - Semiconductors,30__2,30,2.0,5. p99_trade_value,37425.0,75000.0,O:KULR250117C00005000,KULR,C,5.0,2025-01-17,219,0,309,1.05,1735225183546000000,597,62685.0,2024-12-26,3000.0,30,True,Intermarket Sweep Order,Computer and Technology,Electronics - Semiconductors,3.52,4.94,3.43,4.8,3,4.797163630199307,20,1,1,0,0,0
KULR,Computer and Technology,Electronics - Semiconductors,30__2,30,2.0,5. p99_trade_value,37425.0,75000.0,O:KULR250117C00005000,KULR,C,5.0,2025-01-17,209,0,318,0.75,1735582396466000000,499,37425.0,2024-12-30,3000.0,30,True,Automatic Execution,Computer and Technology,Electronics - Semiconductors,4.5,4.5,4.04,4.14,7,4.57316180901509,20,1,0,0,0,1
KULR,Computer and Technology,Electronics - Semiconductors,30__2,30,2.0,5. p99_trade_value,37425.0,75000.0,O:KULR250221C00002500,KULR,C,2.5,2025-02-21,227,0,309,0.16,1738354592442000000,2998,47968.0,2025-01-31,3000.0,30,True,Single Leg Auction Non ISO,Computer and Technology,Electronics - Semiconductors,2.17,2.23,2.03,2.08,5,4.680951611168186,20,1,1,0,0,0
LFUS,Computer and Technology,Electronics - Miscellaneous Components,5__3,5,3.0,1. p999999_trade_value,20400.0,20400.0,O:LFUS250221C00230000,LFUS,C,230.0,2025-02-21,227,0,301,6.8,1738096709456000000,30,20400.0,2025-01-28,3000.0,30,True,Single Leg Auction Non ISO,Computer and Technology,Electronics - Miscellaneous Components,229.53,229.53,222.73,224.0,1,4.309630167425898,20,1,1,1,1,0
LRCX,Computer and Technology,Electronics - Semiconductors,40__0,40,0.0,4. p999_trade_value,159100.0,262500.0,O:LRCX240920C00750000,LRCX,C,750.0,2024-09-20,209,0,316,11.4,1725996384069000000,214,243960.0,2024-09-10,3000.0,30,True,Automatic Execution,Computer and Technology,Electronics - Semiconductors,738.54,740.25,716.62,731.56,5,5.387318624685664,20,1,1,1,1,0
LRCX,Computer and Technology,Electronics - Semiconductors,40__0,40,0.0,4. p999_trade_value,159100.0,262500.0,O:LRCX241018P00720000,LRCX,P,720.0,2024-10-18,209,0,307,19.25,1726677370265000000,133,256025.0,2024-09-18,3000.0,30,True,Automatic Execution,Computer and Technology,Electronics - Semiconductors,779.7,780.0,752.67,755.87,4,5.408282374811606,20,1,1,1,1,0
LRCX,Computer and Technology,Electronics - Semiconductors,40__0,40,0.0,4. p999_trade_value,159100.0,262500.0,O:LRCX241018P00750000,LRCX,P,750.0,2024-10-18,231,0,323,7.55,1727372631518000000,250,188750.0,2024-09-26,3000.0,30,True,Single Leg Floor Trade,Computer and Technology,Electronics - Semiconductors,862.575,863.19,825.0,847.5,9,5.275886960301226,20,1,1,1,1,0
LRCX,Computer and Technology,Electronics - Semiconductors,40__0,40,0.0,4. p999_trade_value,159100.0,262500.0,O:LRCX241115P00061000,LRCX,P,61.0,2024-11-15,235,0,323,0.65,1729712901983000000,3000,195000.0,2024-10-23,3000.0,30,True,Multi Leg floor trade,Computer and Technology,Electronics - Semiconductors,72.37,73.465,71.56,72.86,8,5.290034611362518,20,1,0,0,0,1
LRCX,Computer and Technology,Electronics - Semiconductors,40__0,40,0.0,3. p9999_trade_value,296000.0,296000.0,O:LRCX241115P00070000,LRCX,P,70.0,2024-11-15,235,0,323,2.96,1729712901983000000,1000,296000.0,2024-10-23,3000.0,30,True,Multi Leg floor trade,Computer and Technology,Electronics - Semiconductors,72.37,73.465,71.56,72.86,2,5.471291711058939,20,1,1,1,0,0
LRCX,Computer and Technology,Electronics - Semiconductors,40__0,40,0.0,1. p999999_trade_value,336932.0,336932.0,O:LRCX241220C00071000,LRCX,C,71.0,2024-12-20,227,0,301,2.62,1732135786384000000,1286,336932.0,2024-11-20,3000.0,30,True,Single Leg Auction Non ISO,Computer and Technology,Electronics - Semiconductors,70.01,70.2156,68.87,70.05,1,5.527542259907949,20,1,1,1,1,0
LRCX,Computer and Technology,Electronics - Semiconductors,40__0,40,0.0,4. p999_trade_value,159100.0,262500.0,O:LRCX250117C00080000,LRCX,C,80.0,2025-01-17,209,0,313,3.25,1734535029552000000,499,162175.0,2024-12-18,3000.0,30,True,Automatic Execution,Computer and Technology,Electronics - Semiconductors,78.04,79.31,74.62,75.2,10,5.209983906602265,20,1,1,1,1,0
LRCX,Computer and Technology,Electronics - Semiconductors,40__0,40,0.0,4. p999_trade_value,159100.0,262500.0,O:LRCX250221C00076000,LRCX,C,76.0,2025-02-21,242,0,313,3.5,1738077955182000000,750,262500.0,2025-01-28,3000.0,30,True,Stock Options floor trade,Computer and Technology,Electronics - Semiconductors,75.11,75.67,73.6,74.51,3,5.419129307741976,20,1,1,1,1,0
LRCX,Computer and Technology,Electronics - Semiconductors,40__0,40,0.0,4. p999_trade_value,159100.0,262500.0,O:LRCX250228C00087000,LRCX,C,87.0,2025-02-28,209,0,313,2.15,1739894870462000000,740,159100.0,2025-02-18,3000.0,30,True,Automatic Execution,Computer and Technology,Electronics - Semiconductors,84.91,86.81,83.37,86.58,13,5.201670179646581,20,1,1,0,0,0
LRCX,Computer and Technology,Electronics - Semiconductors,40__0,40,0.0,4. p999_trade_value,159100.0,262500.0,O:LRCX250228C00087000,LRCX,C,87.0,2025-02-28,209,0,313,2.15,1739894870462000000,740,159100.0,2025-02-18,3000.0,30,True,Automatic Execution,Computer and Technology,Electronics - Semiconductors,84.91,86.81,83.37,86.58,14,5.201670179646581,20,1,1,0,0,0
LRCX,Computer and Technology,Electronics - Semiconductors,40__0,40,0.0,4. p999_trade_value,159100.0,262500.0,O:LRCX250228C00087000,LRCX,C,87.0,2025-02-28,209,0,313,2.19,1739894896191000000,740,162060.0,2025-02-18,3000.0,30,True,Automatic Execution,Computer and Technology,Electronics - Semiconductors,84.91,86.81,83.37,86.58,12,5.209675834571095,20,1,1,0,0,0
LRCX,Computer and Technology,Electronics - Semiconductors,40__0,40,0.0,4. p999_trade_value,159100.0,262500.0,O:LRCX250228C00087000,LRCX,C,87.0,2025-02-28,209,0,313,2.06,1739895483772000000,990,203940.0,2025-02-18,3000.0,30,True,Automatic Execution,Computer and Technology,Electronics - Semiconductors,84.91,86.81,83.37,86.58,7,5.309502414966703,20,1,1,0,0,0
LRCX,Computer and Technology,Electronics - Semiconductors,40__0,40,0.0,4. p999_trade_value,159100.0,262500.0,O:LRCX250228C00087000,LRCX,C,87.0,2025-02-28,209,0,313,2.19,1739894896191000000,740,162060.0,2025-02-18,3000.0,30,True,Automatic Execution,Computer and Technology,Electronics - Semiconductors,84.91,86.81,83.37,86.58,11,5.209675834571095,20,1,1,0,0,0
LRCX,Computer and Technology,Electronics - Semiconductors,40__0,40,0.0,4. p999_trade_value,159100.0,262500.0,O:LRCX250228C00087000,LRCX,C,87.0,2025-02-28,209,0,313,2.06,1739895483772000000,990,203940.0,2025-02-18,3000.0,30,True,Automatic Execution,Computer and Technology,Electronics - Semiconductors,84.91,86.81,83.37,86.58,6,5.309502414966703,20,1,1,0,0,0
LSCC,Computer and Technology,Electronics - Semiconductors,25__0,25,0.0,1. p999999_trade_value,994725.0,994725.0,O:LSCC241115P00050000,LSCC,P,50.0,2024-11-15,241,0,323,2.25,1730740842476000000,4421,994725.0,2024-11-04,3000.0,30,True,Stock Options Cross,Computer and Technology,Electronics - Semiconductors,51.71,53.61,51.655,51.89,1,5.9977030330172365,20,1,1,1,1,0
MEI,Computer and Technology,Electronics - Connectors,5__3,5,3.0,1. p999999_trade_value,23500.0,23500.0,O:MEI250620C00007500,MEI,C,7.5,2025-06-20,232,0,302,0.47,1747931363188000000,500,23500.0,2025-05-22,3000.0,30,True,Multi Leg auto-electronic trade,Computer and Technology,Electronics - Connectors,7.29,7.445,7.25,7.37,1,4.371067862271736,20,1,1,0,0,0
MKSI,Computer and Technology,Electronics - Miscellaneous Products,20__1,20,1.0,1. p999999_trade_value,403200.0,403200.0,O:MKSI250516C00075000,MKSI,C,75.0,2025-05-16,235,0,323,3.2,1746559522747000000,1260,403200.0,2025-05-06,3000.0,30,True,Multi Leg floor trade,Computer and Technology,Electronics - Miscellaneous Products,72.96,73.9,71.89,72.67,1,5.605520523437469,20,1,1,1,1,0
MKSI,Computer and Technology,Electronics - Miscellaneous Products,20__1,20,1.0,6. p95_trade_value,48345.00000000001,90720.0,O:MKSI250620C00090000,MKSI,C,90.0,2025-06-20,231,0,323,1.15,1748872477558000000,504,57959.99999999999,2025-06-02,3000.0,30,True,Single Leg Floor Trade,Computer and Technology,Electronics - Miscellaneous Products,81.78,83.14,80.225,82.49,3,4.763128376799137,20,1,1,0,0,0
MKSI,Computer and Technology,Electronics - Miscellaneous Products,20__1,20,1.0,6. p95_trade_value,48345.00000000001,90720.0,O:MKSI250620C00090000,MKSI,C,90.0,2025-06-20,231,0,323,1.2,1748872477558000000,756,90720.0,2025-06-02,3000.0,30,True,Single Leg Floor Trade,Computer and Technology,Electronics - Miscellaneous Products,81.78,83.14,80.225,82.49,2,4.9577030415488315,20,1,1,0,0,0
MKSI,Computer and Technology,Electronics - Miscellaneous Products,20__1,20,1.0,6. p95_trade_value,48345.00000000001,90720.0,O:MKSI250620C00090000,MKSI,C,90.0,2025-06-20,227,0,308,2.93,1749064427048000000,165,48345.00000000001,2025-06-04,3000.0,30,True,Single Leg Auction Non ISO,Computer and Technology,Electronics - Miscellaneous Products,86.59,88.725,86.255,87.88,4,4.684351564568016,20,1,1,0,0,0
NA,Computer and Technology,Electronics - Semiconductors,0__2,0,2.0,1. p999999_trade_value,5000.0,5000.0,O:NA250620C00007500,NA,C,7.5,2025-06-20,209,0,313,1.0,1749130246467000000,50,5000.0,2025-06-05,3000.0,30,True,Automatic Execution,Computer and Technology,Electronics - Semiconductors,6.8,7.32,6.5,6.86,1,3.6989700043360187,20,1,1,0,0,0
NOVT,Computer and Technology,Electronics - Miscellaneous Components,10__0,10,0.0,8. p75_trade_value,20000.0,24000.0,O:NOVT241115C00180000,NOVT,C,180.0,2024-11-15,231,0,302,4.8,1730488950805000000,50,24000.0,2024-11-01,3000.0,30,True,Single Leg Floor Trade,Computer and Technology,Electronics - Miscellaneous Components,171.47,174.92,170.57,174.22,3,4.380211241711606,20,3,1,0,0,0
NOVT,Computer and Technology,Electronics - Miscellaneous Components,10__0,10,0.0,7. p90_trade_value,24500.000000000004,24500.000000000004,O:NOVT241115C00180000,NOVT,C,180.0,2024-11-15,231,0,302,4.9,1730488950909000000,50,24500.000000000004,2024-11-01,3000.0,30,True,Single Leg Floor Trade,Computer and Technology,Electronics - Miscellaneous Components,171.47,174.92,170.57,174.22,2,4.389166084364533,20,2,1,0,0,0
NOVT,Computer and Technology,Electronics - Miscellaneous Components,10__0,10,0.0,1. p999999_trade_value,81885.0,81885.0,O:NOVT241115C00180000,NOVT,C,180.0,2024-11-15,229,0,302,5.15,1730751289801000000,159,81885.0,2024-11-04,3000.0,30,True,Single Leg Cross Non ISO,Computer and Technology,Electronics - Miscellaneous Components,173.53,175.92,172.6,174.17,1,4.9132043533616425,20,1,1,0,0,0
NOVT,Computer and Technology,Electronics - Miscellaneous Components,10__0,10,0.0,8. p75_trade_value,20000.0,24000.0,O:NOVT250516P00110000,NOVT,P,110.0,2025-05-16,235,0,323,2.0,1746195093995000000,100,20000.0,2025-05-02,3000.0,30,True,Multi Leg floor trade,Computer and Technology,Electronics - Miscellaneous Components,124.0,124.79,120.83,121.98,4,4.301029995663981,20,4,1,0,0,0
NVMI,Computer and Technology,Electronics - Semiconductors,25__0,25,0.0,6. p95_trade_value,30000.0,40500.0,O:NVMI241115P00175000,NVMI,P,175.0,2024-11-15,209,0,303,5.6,1730392582477000000,54,30239.999999999996,2024-10-31,3000.0,30,True,Automatic Execution,Computer and Technology,Electronics - Semiconductors,197.28,197.28,183.08,185.3,10,4.480581786829169,20,1,0,0,0,1
NVMI,Computer and Technology,Electronics - Semiconductors,25__0,25,0.0,5. p99_trade_value,48300.0,57540.0,O:NVMI250221P00240000,NVMI,P,240.0,2025-02-21,233,0,302,9.59,1737645550668000000,60,57540.0,2025-01-23,3000.0,30,True,Multi Leg Auction,Computer and Technology,Electronics - Semiconductors,252.83,253.545,250.0,251.81,2,4.7599698575543075,20,1,1,0,0,0
NVMI,Computer and Technology,Electronics - Semiconductors,25__0,25,0.0,5. p99_trade_value,48300.0,57540.0,O:NVMI250221C00270000,NVMI,C,270.0,2025-02-21,209,0,316,6.9,1738863905149000000,70,48300.0,2025-02-06,3000.0,30,True,Automatic Execution,Computer and Technology,Electronics - Semiconductors,248.82,257.51,246.915,253.76,3,4.683947130751513,20,1,1,1,0,0
NVMI,Computer and Technology,Electronics - Semiconductors,25__0,25,0.0,6. p95_trade_value,30000.0,40500.0,O:NVMI250516P00180000,NVMI,P,180.0,2025-05-16,232,0,323,4.05,1746456357652000000,100,40500.0,2025-05-05,3000.0,30,True,Multi Leg auto-electronic trade,Computer and Technology,Electronics - Semiconductors,197.94,201.0,195.75,196.07,4,4.607455023214668,20,1,1,0,0,0
NVMI,Computer and Technology,Electronics - Semiconductors,25__0,25,0.0,1. p999999_trade_value,72250.0,72250.0,O:NVMI250516P00180000,NVMI,P,180.0,2025-05-16,232,0,323,4.25,1746456895991000000,170,72250.0,2025-05-05,3000.0,30,True,Multi Leg auto-electronic trade,Computer and Technology,Electronics - Semiconductors,197.94,201.0,195.75,196.07,1,4.858837851428586,20,1,1,0,0,0
NVMI,Computer and Technology,Electronics - Semiconductors,25__0,25,0.0,6. p95_trade_value,30000.0,40500.0,O:NVMI250516P00180000,NVMI,P,180.0,2025-05-16,209,0,313,5.0,1746545686166000000,60,30000.0,2025-05-06,3000.0,30,True,Automatic Execution,Computer and Technology,Electronics - Semiconductors,193.8,198.13,192.22,193.88,12,4.477121254719663,20,2,1,0,0,0
NVMI,Computer and Technology,Electronics - Semiconductors,25__0,25,0.0,6. p95_trade_value,30000.0,40500.0,O:NVMI250516P00180000,NVMI,P,180.0,2025-05-16,209,0,313,5.0,1746547781402000000,60,30000.0,2025-05-06,3000.0,30,True,Automatic Execution,Computer and Technology,Electronics - Semiconductors,193.8,198.13,192.22,193.88,11,4.477121254719663,20,1,1,0,0,0
NVMI,Computer and Technology,Electronics - Semiconductors,25__0,25,0.0,6. p95_trade_value,30000.0,40500.0,O:NVMI250516P00180000,NVMI,P,180.0,2025-05-16,209,0,313,5.0,1746547901478000000,61,30500.0,2025-05-06,3000.0,30,True,Automatic Execution,Computer and Technology,Electronics - Semiconductors,193.8,198.13,192.22,193.88,9,4.484299839346786,20,1,1,0,0,0
NVMI,Computer and Technology,Electronics - Semiconductors,25__0,25,0.0,6. p95_trade_value,30000.0,40500.0,O:NVMI250516P00180000,NVMI,P,180.0,2025-05-16,209,0,313,5.0,1746547909160000000,61,30500.0,2025-05-06,3000.0,30,True,Automatic Execution,Computer and Technology,Electronics - Semiconductors,193.8,198.13,192.22,193.88,8,4.484299839346786,20,1,1,0,0,0
NVMI,Computer and Technology,Electronics - Semiconductors,25__0,25,0.0,6. p95_trade_value,30000.0,40500.0,O:NVMI250516P00180000,NVMI,P,180.0,2025-05-16,209,0,313,5.0,1746547901579000000,61,30500.0,2025-05-06,3000.0,30,True,Automatic Execution,Computer and Technology,Electronics - Semiconductors,193.8,198.13,192.22,193.88,7,4.484299839346786,20,1,1,0,0,0
NVMI,Computer and Technology,Electronics - Semiconductors,25__0,25,0.0,6. p95_trade_value,30000.0,40500.0,O:NVMI250516P00180000,NVMI,P,180.0,2025-05-16,209,0,313,5.0,1746547869719000000,61,30500.0,2025-05-06,3000.0,30,True,Automatic Execution,Computer and Technology,Electronics - Semiconductors,193.8,198.13,192.22,193.88,6,4.484299839346786,20,1,1,0,0,0
NVMI,Computer and Technology,Electronics - Semiconductors,25__0,25,0.0,6. p95_trade_value,30000.0,40500.0,O:NVMI250516P00180000,NVMI,P,180.0,2025-05-16,209,0,313,5.0,1746547910003000000,61,30500.0,2025-05-06,3000.0,30,True,Automatic Execution,Computer and Technology,Electronics - Semiconductors,193.8,198.13,192.22,193.88,5,4.484299839346786,20,1,1,0,0,0
NVTS,Computer and Technology,Electronics - Semiconductors,30__2,30,2.0,6. p95_trade_value,17930.0,42360.0,O:NVTS250117C00004500,NVTS,C,4.5,2025-01-17,209,0,325,0.33,1734970997870000000,610,20130.0,2024-12-23,3000.0,30,True,Automatic Execution,Computer and Technology,Electronics - Semiconductors,3.25,3.95,3.23,3.86,33,4.303843774888654,20,1,1,0,0,0
NVTS,Computer and Technology,Electronics - Semiconductors,30__2,30,2.0,6. p95_trade_value,17930.0,42360.0,O:NVTS250620C00005500,NVTS,C,5.5,2025-06-20,209,0,302,1.0,1747940241176000000,249,24900.0,2025-05-22,3000.0,30,True,Automatic Execution,Computer and Technology,Electronics - Semiconductors,4.905,5.25,4.03,5.05,25,4.396199347095736,20,1,1,0,0,0
NVTS,Computer and Technology,Electronics - Semiconductors,30__2,30,2.0,5. p99_trade_value,42840.0,65000.0,O:NVTS250620C00005500,NVTS,C,5.5,2025-06-20,227,0,301,0.95,1747943902741000000,496,47120.0,2025-05-22,3000.0,30,True,Single Leg Auction Non ISO,Computer and Technology,Electronics - Semiconductors,4.905,5.25,4.03,5.05,7,4.673205281779045,20,1,1,0,0,0
NVTS,Computer and Technology,Electronics - Semiconductors,30__2,30,2.0,6. p95_trade_value,17930.0,42360.0,O:NVTS250620C00005500,NVTS,C,5.5,2025-06-20,209,0,319,0.85,1747939470142000000,234,19890.0,2025-05-22,3000.0,30,True,Automatic Execution,Computer and Technology,Electronics - Semiconductors,4.905,5.25,4.03,5.05,35,4.298634783124435,20,1,1,0,0,0
NVTS,Computer and Technology,Electronics - Semiconductors,30__2,30,2.0,6. p95_trade_value,17930.0,42360.0,O:NVTS250620C00012000,NVTS,C,12.0,2025-06-20,209,0,313,0.2,1747923292981000000,1000,20000.0,2025-05-22,3000.0,30,True,Automatic Execution,Computer and Technology,Electronics - Semiconductors,4.905,5.25,4.03,5.05,34,4.301029995663981,20,1,0,0,0,1
NVTS,Computer and Technology,Electronics - Semiconductors,30__2,30,2.0,6. p95_trade_value,17930.0,42360.0,O:NVTS250620P00003000,NVTS,P,3.0,2025-06-20,227,0,309,0.21,1747932639352000000,1000,21000.0,2025-05-22,3000.0,30,True,Single Leg Auction Non ISO,Computer and Technology,Electronics - Semiconductors,4.905,5.25,4.03,5.05,31,4.3222192947339195,20,1,0,0,0,1
NVTS,Computer and Technology,Electronics - Semiconductors,30__2,30,2.0,6. p95_trade_value,17930.0,42360.0,O:NVTS250620C00006000,NVTS,C,6.0,2025-06-20,219,0,322,0.5,1748022843373000000,388,19400.0,2025-05-23,3000.0,30,True,Intermarket Sweep Order,Computer and Technology,Electronics - Semiconductors,4.51,4.9192,4.22,4.41,38,4.2878017299302265,20,1,1,0,0,0
NVTS,Computer and Technology,Electronics - Semiconductors,30__2,30,2.0,6. p95_trade_value,17930.0,42360.0,O:NVTS250620C00006000,NVTS,C,6.0,2025-06-20,219,0,325,0.5,1748007498145000000,490,24500.0,2025-05-23,3000.0,30,True,Intermarket Sweep Order,Computer and Technology,Electronics - Semiconductors,4.51,4.9192,4.22,4.41,26,4.389166084364533,20,1,1,0,0,0
NVTS,Computer and Technology,Electronics - Semiconductors,30__2,30,2.0,6. p95_trade_value,17930.0,42360.0,O:NVTS250620C00008000,NVTS,C,8.0,2025-06-20,209,0,325,1.5,1748362146511000000,189,28350.0,2025-05-27,3000.0,30,True,Automatic Execution,Computer and Technology,Electronics - Semiconductors,4.535,7.529,4.535,6.5,20,4.452553063228925,20,1,1,0,0,0
NVTS,Computer and Technology,Electronics - Semiconductors,30__2,30,2.0,5. p99_trade_value,42840.0,65000.0,O:NVTS250620C00008000,NVTS,C,8.0,2025-06-20,209,0,325,1.4,1748362594255000000,445,62300.0,2025-05-27,3000.0,30,True,Automatic Execution,Computer and Technology,Electronics - Semiconductors,4.535,7.529,4.535,6.5,3,4.794488046659169,20,1,1,0,0,0
NVTS,Computer and Technology,Electronics - Semiconductors,30__2,30,2.0,6. p95_trade_value,17930.0,42360.0,O:NVTS250620C00008000,NVTS,C,8.0,2025-06-20,209,0,318,0.7,1748365278520000000,278,19460.0,2025-05-27,3000.0,30,True,Automatic Execution,Computer and Technology,Electronics - Semiconductors,4.535,7.529,4.535,6.5,36,4.289142835932333,20,1,1,0,0,0
NVTS,Computer and Technology,Electronics - Semiconductors,30__2,30,2.0,6. p95_trade_value,17930.0,42360.0,O:NVTS250620C00008000,NVTS,C,8.0,2025-06-20,227,0,312,0.8,1748358642285000000,274,21920.0,2025-05-27,3000.0,30,True,Single Leg Auction Non ISO,Computer and Technology,Electronics - Semiconductors,4.535,7.529,4.535,6.5,29,4.340840549812332,20,1,1,0,0,0
NVTS,Computer and Technology,Electronics - Semiconductors,30__2,30,2.0,6. p95_trade_value,17930.0,42360.0,O:NVTS250620C00009000,NVTS,C,9.0,2025-06-20,209,0,312,1.0,1748360098915000000,238,23800.0,2025-05-27,3000.0,30,True,Automatic Execution,Computer and Technology,Electronics - Semiconductors,4.535,7.529,4.535,6.5,27,4.376576957056512,20,1,1,0,0,0
NVTS,Computer and Technology,Electronics - Semiconductors,30__2,30,2.0,6. p95_trade_value,17930.0,42360.0,O:NVTS250620C00009000,NVTS,C,9.0,2025-06-20,219,0,325,1.0,1748360145201000000,194,19400.0,2025-05-27,3000.0,30,True,Intermarket Sweep Order,Computer and Technology,Electronics - Semiconductors,4.535,7.529,4.535,6.5,37,4.2878017299302265,20,1,1,0,0,0
NVTS,Computer and Technology,Electronics - Semiconductors,30__2,30,2.0,6. p95_trade_value,17930.0,42360.0,O:NVTS250620C00010000,NVTS,C,10.0,2025-06-20,227,0,312,0.84,1748372148905000000,360,30239.999999999996,2025-05-27,3000.0,30,True,Single Leg Auction Non ISO,Computer and Technology,Electronics - Semiconductors,4.535,7.529,4.535,6.5,17,4.480581786829169,20,1,0,0,0,1
NVTS,Computer and Technology,Electronics - Semiconductors,30__2,30,2.0,6. p95_trade_value,17930.0,42360.0,O:NVTS250620C00012000,NVTS,C,12.0,2025-06-20,227,0,300,0.74,1748362377707000000,500,37000.0,2025-05-27,3000.0,30,True,Single Leg Auction Non ISO,Computer and Technology,Electronics - Semiconductors,4.535,7.529,4.535,6.5,11,4.568201724066995,20,1,0,0,0,1
NVTS,Computer and Technology,Electronics - Semiconductors,30__2,30,2.0,5. p99_trade_value,42840.0,65000.0,O:NVTS250620C00008000,NVTS,C,8.0,2025-06-20,232,0,322,0.9,1748440173218000000,476,42840.0,2025-05-28,3000.0,30,True,Multi Leg auto-electronic trade,Computer and Technology,Electronics - Semiconductors,7.03,7.11,6.13,6.16,9,4.631849462159818,20,1,1,0,0,0
NVTS,Computer and Technology,Electronics - Semiconductors,30__2,30,2.0,6. p95_trade_value,17930.0,42360.0,O:NVTS250620C00009000,NVTS,C,9.0,2025-06-20,209,0,325,0.75,1748442769624000000,406,30450.0,2025-05-28,3000.0,30,True,Automatic Execution,Computer and Technology,Electronics - Semiconductors,7.03,7.11,6.13,6.16,16,4.483587296968894,20,1,1,0,0,0
NVTS,Computer and Technology,Electronics - Semiconductors,30__2,30,2.0,6. p95_trade_value,17930.0,42360.0,O:NVTS250620P00005000,NVTS,P,5.0,2025-06-20,227,0,309,0.5,1748445302762000000,600,30000.0,2025-05-28,3000.0,30,True,Single Leg Auction Non ISO,Computer and Technology,Electronics - Semiconductors,7.03,7.11,6.13,6.16,18,4.477121254719663,20,1,1,0,0,0
NVTS,Computer and Technology,Electronics - Semiconductors,30__2,30,2.0,6. p95_trade_value,17930.0,42360.0,O:NVTS250620P00006000,NVTS,P,6.0,2025-06-20,232,0,322,0.97,1748439700982000000,288,27936.0,2025-05-28,3000.0,30,True,Multi Leg auto-electronic trade,Computer and Technology,Electronics - Semiconductors,7.03,7.11,6.13,6.16,22,4.446164222025476,20,1,1,0,0,0
NVTS,Computer and Technology,Electronics - Semiconductors,30__2,30,2.0,6. p95_trade_value,17930.0,42360.0,O:NVTS250620P00006000,NVTS,P,6.0,2025-06-20,232,0,322,0.97,1748439700982000000,288,27936.0,2025-05-28,3000.0,30,True,Multi Leg auto-electronic trade,Computer and Technology,Electronics - Semiconductors,7.03,7.11,6.13,6.16,21,4.446164222025476,20,1,1,0,0,0
NVTS,Computer and Technology,Electronics - Semiconductors,30__2,30,2.0,6. p95_trade_value,17930.0,42360.0,O:NVTS250620P00006000,NVTS,P,6.0,2025-06-20,227,0,323,1.08,1748461977577000000,300,32400.0,2025-05-28,3000.0,30,True,Single Leg Auction Non ISO,Computer and Technology,Electronics - Semiconductors,7.03,7.11,6.13,6.16,15,4.510545010206612,20,1,1,0,0,0
NVTS,Computer and Technology,Electronics - Semiconductors,30__2,30,2.0,6. p95_trade_value,17930.0,42360.0,O:NVTS250620C00005500,NVTS,C,5.5,2025-06-20,227,0,301,0.49,1748624271619000000,424,20776.0,2025-05-30,3000.0,30,True,Single Leg Auction Non ISO,Computer and Technology,Electronics - Semiconductors,5.251,5.4,4.95,5.1,32,4.317561936621246,20,1,1,0,0,0
NVTS,Computer and Technology,Electronics - Semiconductors,30__2,30,2.0,1. p999999_trade_value,87075.0,87075.0,O:NVTS250620C00007000,NVTS,C,7.0,2025-06-20,227,0,309,0.25,1748624119791000000,3483,87075.0,2025-05-30,3000.0,30,True,Single Leg Auction Non ISO,Computer and Technology,Electronics - Semiconductors,5.251,5.4,4.95,5.1,1,4.939893483130274,20,1,1,0,0,0
NVTS,Computer and Technology,Electronics - Semiconductors,30__2,30,2.0,5. p99_trade_value,42840.0,65000.0,O:NVTS250620C00007000,NVTS,C,7.0,2025-06-20,227,0,309,0.46,1748967057488000000,1132,52072.0,2025-06-03,3000.0,30,True,Single Leg Auction Non ISO,Computer and Technology,Electronics - Semiconductors,5.815,6.5899,5.44,5.94,4,4.716604258533827,20,1,1,0,0,0
NVTS,Computer and Technology,Electronics - Semiconductors,30__2,30,2.0,5. p99_trade_value,42840.0,65000.0,O:NVTS250620C00007000,NVTS,C,7.0,2025-06-20,209,0,304,0.65,1748968277118000000,1000,65000.0,2025-06-03,3000.0,30,True,Automatic Execution,Computer and Technology,Electronics - Semiconductors,5.815,6.5899,5.44,5.94,2,4.812913356642856,20,1,1,0,0,0
NVTS,Computer and Technology,Electronics - Semiconductors,30__2,30,2.0,6. p95_trade_value,17930.0,42360.0,O:NVTS250620C00007000,NVTS,C,7.0,2025-06-20,209,0,319,0.65,1748968275527000000,538,34970.0,2025-06-03,3000.0,30,True,Automatic Execution,Computer and Technology,Electronics - Semiconductors,5.815,6.5899,5.44,5.94,12,4.543695632309245,20,1,1,0,0,0
NVTS,Computer and Technology,Electronics - Semiconductors,30__2,30,2.0,6. p95_trade_value,17930.0,42360.0,O:NVTS250620P00005000,NVTS,P,5.0,2025-06-20,209,0,316,0.2,1748975743644000000,1165,23300.0,2025-06-03,3000.0,30,True,Automatic Execution,Computer and Technology,Electronics - Semiconductors,5.815,6.5899,5.44,5.94,28,4.367355921026019,20,1,0,0,0,1
NVTS,Computer and Technology,Electronics - Semiconductors,30__2,30,2.0,6. p95_trade_value,17930.0,42360.0,O:NVTS250620C00007000,NVTS,C,7.0,2025-06-20,209,0,320,0.65,1749048840120000000,289,18785.0,2025-06-04,3000.0,30,True,Automatic Execution,Computer and Technology,Electronics - Semiconductors,6.16,6.99,5.83,6.78,39,4.273811199399403,20,1,1,0,0,0
NVTS,Computer and Technology,Electronics - Semiconductors,30__2,30,2.0,6. p95_trade_value,17930.0,42360.0,O:NVTS250620C00007000,NVTS,C,7.0,2025-06-20,227,0,309,0.75,1749049005699000000,451,33825.0,2025-06-04,3000.0,30,True,Single Leg Auction Non ISO,Computer and Technology,Electronics - Semiconductors,6.16,6.99,5.83,6.78,13,4.529237805269661,20,1,1,0,0,0
NVTS,Computer and Technology,Electronics - Semiconductors,30__2,30,2.0,6. p95_trade_value,17930.0,42360.0,O:NVTS250620C00007000,NVTS,C,7.0,2025-06-20,209,0,304,0.55,1749048068469000000,326,17930.0,2025-06-04,3000.0,30,True,Automatic Execution,Computer and Technology,Electronics - Semiconductors,6.16,6.99,5.83,6.78,41,4.253580289562183,20,1,1,0,0,0
NVTS,Computer and Technology,Electronics - Semiconductors,30__2,30,2.0,6. p95_trade_value,17930.0,42360.0,O:NVTS250620C00007000,NVTS,C,7.0,2025-06-20,209,0,325,0.43,1749132137599000000,499,21457.0,2025-06-05,3000.0,30,True,Automatic Execution,Computer and Technology,Electronics - Semiconductors,6.83,6.84,5.88,6.05,30,4.331569001202976,20,1,1,0,0,0
NVTS,Computer and Technology,Electronics - Semiconductors,30__2,30,2.0,6. p95_trade_value,17930.0,42360.0,O:NVTS250627C00007000,NVTS,C,7.0,2025-06-27,209,0,315,0.6,1749217900522000000,303,18180.0,2025-06-06,3000.0,30,True,Automatic Execution,Computer and Technology,Electronics - Semiconductors,6.405,6.6,6.0,6.18,40,4.259593878885949,20,1,1,0,0,0
NVTS,Computer and Technology,Electronics - Semiconductors,30__2,30,2.0,6. p95_trade_value,17930.0,42360.0,O:NVTS250613C00008000,NVTS,C,8.0,2025-06-13,209,0,308,0.55,1749488661970000000,460,25300.000000000004,2025-06-09,3000.0,30,True,Automatic Execution,Computer and Technology,Electronics - Semiconductors,6.37,7.875,6.3,7.3,24,4.403120521175818,20,1,1,0,0,0
NVTS,Computer and Technology,Electronics - Semiconductors,30__2,30,2.0,6. p95_trade_value,17930.0,42360.0,O:NVTS250613C00008000,NVTS,C,8.0,2025-06-13,209,0,325,0.6,1749485188359000000,499,29939.999999999996,2025-06-09,3000.0,30,True,Automatic Execution,Computer and Technology,Electronics - Semiconductors,6.37,7.875,6.3,7.3,19,4.476251796007033,20,1,1,0,0,0
NVTS,Computer and Technology,Electronics - Semiconductors,30__2,30,2.0,5. p99_trade_value,42840.0,65000.0,O:NVTS250613C00008000,NVTS,C,8.0,2025-06-13,209,0,320,0.45,1749478974641000000,975,43875.0,2025-06-09,3000.0,30,True,Automatic Execution,Computer and Technology,Electronics - Semiconductors,6.37,7.875,6.3,7.3,8,4.64221712947388,20,1,1,0,0,0
NVTS,Computer and Technology,Electronics - Semiconductors,30__2,30,2.0,5. p99_trade_value,42840.0,65000.0,O:NVTS250613C00008000,NVTS,C,8.0,2025-06-13,209,0,320,0.55,1749484511116000000,930,51150.00000000001,2025-06-09,3000.0,30,True,Automatic Execution,Computer and Technology,Electronics - Semiconductors,6.37,7.875,6.3,7.3,5,4.708845638048179,20,1,1,0,0,0
NVTS,Computer and Technology,Electronics - Semiconductors,30__2,30,2.0,5. p99_trade_value,42840.0,65000.0,O:NVTS250703C00008000,NVTS,C,8.0,2025-07-03,209,0,320,1.0,1749486621280000000,500,50000.0,2025-06-09,3000.0,30,True,Automatic Execution,Computer and Technology,Electronics - Semiconductors,6.37,7.875,6.3,7.3,6,4.698970004336019,20,1,1,0,0,0
NVTS,Computer and Technology,Electronics - Semiconductors,30__2,30,2.0,6. p95_trade_value,17930.0,42360.0,O:NVTS250613C00009000,NVTS,C,9.0,2025-06-13,227,0,309,0.4,1749572042975000000,1059,42360.0,2025-06-10,3000.0,30,True,Single Leg Auction Non ISO,Computer and Technology,Electronics - Semiconductors,7.98,8.64,7.53,8.09,10,4.6269559514354475,20,1,1,0,0,0
NVTS,Computer and Technology,Electronics - Semiconductors,30__2,30,2.0,6. p95_trade_value,17930.0,42360.0,O:NVTS250620C00009000,NVTS,C,9.0,2025-06-20,209,0,325,0.78,1749573289890000000,419,32682.0,2025-06-10,3000.0,30,True,Automatic Execution,Computer and Technology,Electronics - Semiconductors,7.98,8.64,7.53,8.09,14,4.514308625656776,20,1,1,0,0,0
NVTS,Computer and Technology,Electronics - Semiconductors,30__2,30,2.0,6. p95_trade_value,17930.0,42360.0,O:NVTS250620C00010000,NVTS,C,10.0,2025-06-20,227,0,301,0.3,1749654115517000000,886,26580.0,2025-06-11,3000.0,30,True,Single Leg Auction Non ISO,Computer and Technology,Electronics - Semiconductors,8.525,9.17,7.65,7.96,23,4.424554976606713,20,1,0,0,0,1
OLED,Computer and Technology,Electronics - Miscellaneous Components,25__0,25,0.0,1. p999999_trade_value,399839.99999999994,399839.99999999994,O:OLED250516C00150000,OLED,C,150.0,2025-05-16,235,0,301,5.6,1746129157890000000,714,399839.99999999994,2025-05-01,3000.0,30,True,Multi Leg floor trade,Computer and Technology,Electronics - Miscellaneous Components,130.5,146.14,126.66,141.2,1,5.601886238782375,20,1,1,1,1,0
OSIS,Computer and Technology,Electronics - Miscellaneous Components,20__0,20,0.0,8. p75_trade_value,15000.0,33600.0,O:OSIS241220C00180000,OSIS,C,180.0,2024-12-20,209,0,308,1.5,1732728252282000000,100,15000.0,2024-11-27,3000.0,30,True,Automatic Execution,Computer and Technology,Electronics - Miscellaneous Components,170.69,174.65,170.69,174.51,30,4.176091259055681,20,5,1,0,0,0
OSIS,Computer and Technology,Electronics - Miscellaneous Components,20__0,20,0.0,8. p75_trade_value,15000.0,33600.0,O:OSIS241220C00185000,OSIS,C,185.0,2024-12-20,229,0,302,2.0,1733259008092000000,168,33600.0,2024-12-03,3000.0,30,True,Single Leg Cross Non ISO,Computer and Technology,Electronics - Miscellaneous Components,180.68,182.095,179.18,180.09,13,4.526339277389844,20,3,1,0,0,0
OSIS,Computer and Technology,Electronics - Miscellaneous Components,20__0,20,0.0,6. p95_trade_value,48600.0,67450.0,O:OSIS250117C00185000,OSIS,C,185.0,2025-01-17,229,0,302,1.45,1735056758033000000,400,58000.0,2024-12-24,3000.0,30,True,Single Leg Cross Non ISO,Computer and Technology,Electronics - Miscellaneous Components,174.63,177.17,173.9969,176.13,4,4.763427993562937,20,1,0,0,0,1
OSIS,Computer and Technology,Electronics - Miscellaneous Components,20__0,20,0.0,8. p75_trade_value,15000.0,33600.0,O:OSIS250221P00155000,OSIS,P,155.0,2025-02-21,234,0,302,2.13,1737575621978000000,134,28541.999999999996,2025-01-22,3000.0,30,True,Multi Leg Cross,Computer and Technology,Electronics - Miscellaneous Components,173.0,174.754954,168.02,169.01,16,4.455484401803545,20,3,0,0,0,1
OSIS,Computer and Technology,Electronics - Miscellaneous Components,20__0,20,0.0,7. p90_trade_value,34684.0,44180.0,O:OSIS250221P00155000,OSIS,P,155.0,2025-02-21,234,0,302,2.38,1737571234461000000,160,38079.99999999999,2025-01-22,3000.0,30,True,Multi Leg Cross,Computer and Technology,Electronics - Miscellaneous Components,173.0,174.754954,168.02,169.01,10,4.580696939712436,20,2,0,0,0,1
OSIS,Computer and Technology,Electronics - Miscellaneous Components,20__0,20,0.0,8. p75_trade_value,15000.0,33600.0,O:OSIS250221C00200000,OSIS,C,200.0,2025-02-21,209,0,313,3.6,1737648763904000000,88,31680.0,2025-01-23,3000.0,30,True,Automatic Execution,Computer and Technology,Electronics - Miscellaneous Components,183.86,197.6999,180.37,193.05,15,4.500785172917456,20,3,1,1,1,0
OSIS,Computer and Technology,Electronics - Miscellaneous Components,20__0,20,0.0,8. p75_trade_value,15000.0,33600.0,O:OSIS250221C00200000,OSIS,C,200.0,2025-02-21,231,0,301,3.3,1737648443154000000,62,20460.0,2025-01-23,3000.0,30,True,Single Leg Floor Trade,Computer and Technology,Electronics - Miscellaneous Components,183.86,197.6999,180.37,193.05,21,4.310905629376141,20,4,1,1,1,0
OSIS,Computer and Technology,Electronics - Miscellaneous Components,20__0,20,0.0,6. p95_trade_value,48600.0,67450.0,O:OSIS250221C00200000,OSIS,C,200.0,2025-02-21,231,0,301,3.0,1737665409428000000,162,48600.0,2025-01-23,3000.0,30,True,Single Leg Floor Trade,Computer and Technology,Electronics - Miscellaneous Components,183.86,197.6999,180.37,193.05,6,4.686636269262293,20,1,1,1,1,0
OSIS,Computer and Technology,Electronics - Miscellaneous Components,20__0,20,0.0,6. p95_trade_value,48600.0,67450.0,O:OSIS250321P00190000,OSIS,P,190.0,2025-03-21,227,0,302,5.6,1741104015198000000,100,56000.0,2025-03-04,3000.0,30,True,Single Leg Auction Non ISO,Computer and Technology,Electronics - Miscellaneous Components,197.19,199.29,191.395,191.68,5,4.748188027006201,20,1,1,0,0,0
OSIS,Computer and Technology,Electronics - Miscellaneous Components,20__0,20,0.0,8. p75_trade_value,15000.0,33600.0,O:OSIS250321P00190000,OSIS,P,190.0,2025-03-21,209,0,313,5.0,1741114106871000000,36,18000.0,2025-03-04,3000.0,30,True,Automatic Execution,Computer and Technology,Electronics - Miscellaneous Components,197.19,199.29,191.395,191.68,25,4.2552725051033065,20,5,1,0,0,0
OSIS,Computer and Technology,Electronics - Miscellaneous Components,20__0,20,0.0,8. p75_trade_value,15000.0,33600.0,O:OSIS250321P00190000,OSIS,P,190.0,2025-03-21,209,0,316,5.4,1741114052861000000,34,18360.000000000004,2025-03-04,3000.0,30,True,Automatic Execution,Computer and Technology,Electronics - Miscellaneous Components,197.19,199.29,191.395,191.68,23,4.2638726768652235,20,4,1,0,0,0
OSIS,Computer and Technology,Electronics - Miscellaneous Components,20__0,20,0.0,8. p75_trade_value,15000.0,33600.0,O:OSIS250321P00190000,OSIS,P,190.0,2025-03-21,209,0,316,5.5,1741113867470000000,28,15400.0,2025-03-04,3000.0,30,True,Automatic Execution,Computer and Technology,Electronics - Miscellaneous Components,197.19,199.29,191.395,191.68,28,4.187520720836463,20,5,1,0,0,0
OSIS,Computer and Technology,Electronics - Miscellaneous Components,20__0,20,0.0,8. p75_trade_value,15000.0,33600.0,O:OSIS250321P00190000,OSIS,P,190.0,2025-03-21,209,0,316,5.4,1741114049356000000,50,27000.0,2025-03-04,3000.0,30,True,Automatic Execution,Computer and Technology,Electronics - Miscellaneous Components,197.19,199.29,191.395,191.68,17,4.431363764158987,20,3,1,0,0,0
OSIS,Computer and Technology,Electronics - Miscellaneous Components,20__0,20,0.0,8. p75_trade_value,15000.0,33600.0,O:OSIS250321P00190000,OSIS,P,190.0,2025-03-21,209,0,313,5.0,1741114109622000000,36,18000.0,2025-03-04,3000.0,30,True,Automatic Execution,Computer and Technology,Electronics - Miscellaneous Components,197.19,199.29,191.395,191.68,24,4.2552725051033065,20,4,1,0,0,0
OSIS,Computer and Technology,Electronics - Miscellaneous Components,20__0,20,0.0,8. p75_trade_value,15000.0,33600.0,O:OSIS250321P00190000,OSIS,P,190.0,2025-03-21,209,0,316,5.4,1741114059064000000,47,25380.0,2025-03-04,3000.0,30,True,Automatic Execution,Computer and Technology,Electronics - Miscellaneous Components,197.19,199.29,191.395,191.68,18,4.404491617758686,20,3,1,0,0,0
OSIS,Computer and Technology,Electronics - Miscellaneous Components,20__0,20,0.0,8. p75_trade_value,15000.0,33600.0,O:OSIS250321P00190000,OSIS,P,190.0,2025-03-21,209,0,313,5.2,1741114134263000000,36,18720.0,2025-03-04,3000.0,30,True,Automatic Execution,Computer and Technology,Electronics - Miscellaneous Components,197.19,199.29,191.395,191.68,22,4.272305844402086,20,4,1,0,0,0
OSIS,Computer and Technology,Electronics - Miscellaneous Components,20__0,20,0.0,7. p90_trade_value,34684.0,44180.0,O:OSIS250321P00190000,OSIS,P,190.0,2025-03-21,209,0,316,5.4,1741114057318000000,72,38880.0,2025-03-04,3000.0,30,True,Automatic Execution,Computer and Technology,Electronics - Miscellaneous Components,197.19,199.29,191.395,191.68,9,4.589726256254237,20,2,1,0,0,0
OSIS,Computer and Technology,Electronics - Miscellaneous Components,20__0,20,0.0,7. p90_trade_value,34684.0,44180.0,O:OSIS250321P00190000,OSIS,P,190.0,2025-03-21,209,0,316,5.4,1741114055201000000,75,40500.0,2025-03-04,3000.0,30,True,Automatic Execution,Computer and Technology,Electronics - Miscellaneous Components,197.19,199.29,191.395,191.68,8,4.607455023214668,20,2,1,0,0,0
OSIS,Computer and Technology,Electronics - Miscellaneous Components,20__0,20,0.0,7. p90_trade_value,34684.0,44180.0,O:OSIS250321P00170000,OSIS,P,170.0,2025-03-21,227,0,309,3.77,1741365113179000000,92,34684.0,2025-03-07,3000.0,30,True,Single Leg Auction Non ISO,Computer and Technology,Electronics - Miscellaneous Components,183.18,187.415,178.37,182.7,12,4.540129177551348,20,2,1,0,0,0
OSIS,Computer and Technology,Electronics - Miscellaneous Components,20__0,20,0.0,7. p90_trade_value,34684.0,44180.0,O:OSIS250321P00170000,OSIS,P,170.0,2025-03-21,227,0,309,3.86,1741366629537000000,97,37442.0,2025-03-07,3000.0,30,True,Single Leg Auction Non ISO,Computer and Technology,Electronics - Miscellaneous Components,183.18,187.415,178.37,182.7,11,4.573359038937999,20,2,1,0,0,0
OSIS,Computer and Technology,Electronics - Miscellaneous Components,20__0,20,0.0,8. p75_trade_value,15000.0,33600.0,O:OSIS250321P00170000,OSIS,P,170.0,2025-03-21,227,0,301,3.77,1741365105145000000,65,24505.0,2025-03-07,3000.0,30,True,Single Leg Auction Non ISO,Computer and Technology,Electronics - Miscellaneous Components,183.18,187.415,178.37,182.7,19,4.389254706848648,20,4,1,0,0,0
OSIS,Computer and Technology,Electronics - Miscellaneous Components,20__0,20,0.0,1. p999999_trade_value,112500.0,112500.0,O:OSIS250321C00190000,OSIS,C,190.0,2025-03-21,231,0,301,4.5,1741719275389000000,250,112500.0,2025-03-11,3000.0,30,True,Single Leg Floor Trade,Computer and Technology,Electronics - Miscellaneous Components,181.72,185.07,179.01,180.49,1,5.051152522447381,20,1,1,1,1,0
OSIS,Computer and Technology,Electronics - Miscellaneous Components,20__0,20,0.0,8. p75_trade_value,15000.0,33600.0,O:OSIS250417C00210000,OSIS,C,210.0,2025-04-17,209,0,315,5.4,1742405471460000000,61,32940.0,2025-03-19,3000.0,30,True,Automatic Execution,Computer and Technology,Electronics - Miscellaneous Components,192.86,204.82,192.605,202.83,14,4.517723594833735,20,3,0,0,0,1
OSIS,Computer and Technology,Electronics - Miscellaneous Components,20__0,20,0.0,8. p75_trade_value,15000.0,33600.0,O:OSIS250417C00220000,OSIS,C,220.0,2025-04-17,219,0,316,4.4,1742410310643000000,38,16720.0,2025-03-19,3000.0,30,True,Intermarket Sweep Order,Computer and Technology,Electronics - Miscellaneous Components,192.86,204.82,192.605,202.83,26,4.223236273102998,20,5,0,0,0,1
OSIS,Computer and Technology,Electronics - Miscellaneous Components,20__0,20,0.0,5. p99_trade_value,71700.0,71700.0,O:OSIS250516C00210000,OSIS,C,210.0,2025-05-16,229,0,302,4.78,1744916744574000000,150,71700.0,2025-04-17,3000.0,30,True,Single Leg Cross Non ISO,Computer and Technology,Electronics - Miscellaneous Components,189.56,195.46,189.235,194.19,2,4.8555191556678,20,1,1,1,1,0
OSIS,Computer and Technology,Electronics - Miscellaneous Components,20__0,20,0.0,7. p90_trade_value,34684.0,44180.0,O:OSIS250516C00210000,OSIS,C,210.0,2025-05-16,229,0,302,4.7,1744909151242000000,94,44180.0,2025-04-17,3000.0,30,True,Single Leg Cross Non ISO,Computer and Technology,Electronics - Miscellaneous Components,189.56,195.46,189.235,194.19,7,4.645225711535416,20,2,1,1,1,0
OSIS,Computer and Technology,Electronics - Miscellaneous Components,20__0,20,0.0,6. p95_trade_value,48600.0,67450.0,O:OSIS250516C00210000,OSIS,C,210.0,2025-05-16,229,0,302,4.75,1744918784879000000,142,67450.0,2025-04-17,3000.0,30,True,Single Leg Cross Non ISO,Computer and Technology,Electronics - Miscellaneous Components,189.56,195.46,189.235,194.19,3,4.828981954007923,20,1,1,1,1,0
OSIS,Computer and Technology,Electronics - Miscellaneous Components,20__0,20,0.0,8. p75_trade_value,15000.0,33600.0,O:OSIS250620C00230000,OSIS,C,230.0,2025-06-20,209,0,320,6.7,1747855184846000000,33,22110.0,2025-05-21,3000.0,30,True,Automatic Execution,Computer and Technology,Electronics - Miscellaneous Components,228.9,229.88,224.33,226.95,20,4.344588742578714,20,4,1,0,0,0
OSIS,Computer and Technology,Electronics - Miscellaneous Components,20__0,20,0.0,8. p75_trade_value,15000.0,33600.0,O:OSIS250620P00185000,OSIS,P,185.0,2025-06-20,209,0,319,1.5,1748450256511000000,100,15000.0,2025-05-28,3000.0,30,True,Automatic Execution,Computer and Technology,Electronics - Miscellaneous Components,227.73,227.985,209.75,216.0,29,4.176091259055681,20,5,0,0,0,1
OSIS,Computer and Technology,Electronics - Miscellaneous Components,20__0,20,0.0,8. p75_trade_value,15000.0,33600.0,O:OSIS250620C00230000,OSIS,C,230.0,2025-06-20,209,0,320,3.4,1749226390275000000,47,15979.999999999998,2025-06-06,3000.0,30,True,Automatic Execution,Computer and Technology,Electronics - Miscellaneous Components,226.77,227.525,223.25,226.47,27,4.203576774977972,20,5,1,0,0,0
OUST,Computer and Technology,Electronics - Miscellaneous Components,20__0,20,0.0,6. p95_trade_value,15554.0,29100.0,O:OUST250117C00013000,OUST,C,13.0,2025-01-17,240,0,302,0.77,1734969833946000000,202,15554.0,2024-12-23,3000.0,30,True,Stock Options auto-electronic trade,Computer and Technology,Electronics - Miscellaneous Components,12.11,12.37,11.36,12.21,8,4.191842094619106,20,1,1,0,0,0
OUST,Computer and Technology,Electronics - Miscellaneous Components,20__0,20,0.0,6. p95_trade_value,15554.0,29100.0,O:OUST250620C00013000,OUST,C,13.0,2025-06-20,209,0,308,0.65,1748625795633000000,350,22750.0,2025-05-30,3000.0,30,True,Automatic Execution,Computer and Technology,Electronics - Miscellaneous Components,11.7,12.65,11.44,12.23,4,4.356981400993131,20,1,1,0,0,0
OUST,Computer and Technology,Electronics - Miscellaneous Components,20__0,20,0.0,6. p95_trade_value,15554.0,29100.0,O:OUST250620C00013000,OUST,C,13.0,2025-06-20,209,0,315,0.75,1748633573044000000,388,29100.0,2025-05-30,3000.0,30,True,Automatic Execution,Computer and Technology,Electronics - Miscellaneous Components,11.7,12.65,11.44,12.23,3,4.463892988985907,20,1,1,0,0,0
OUST,Computer and Technology,Electronics - Miscellaneous Components,20__0,20,0.0,6. p95_trade_value,15554.0,29100.0,O:OUST250620C00013000,OUST,C,13.0,2025-06-20,227,0,323,0.57,1748872937930000000,366,20861.999999999996,2025-06-02,3000.0,30,True,Single Leg Auction Non ISO,Computer and Technology,Electronics - Miscellaneous Components,12.19,12.79,11.8692,12.79,5,4.319355941066902,20,1,1,0,0,0
OUST,Computer and Technology,Electronics - Miscellaneous Components,20__0,20,0.0,5. p99_trade_value,34929.99999999999,34929.99999999999,O:OUST250620C00013000,OUST,C,13.0,2025-06-20,209,0,319,0.7,1748874587469000000,499,34929.99999999999,2025-06-02,3000.0,30,True,Automatic Execution,Computer and Technology,Electronics - Miscellaneous Components,12.19,12.79,11.8692,12.79,2,4.543198585637646,20,1,1,0,0,0
OUST,Computer and Technology,Electronics - Miscellaneous Components,20__0,20,0.0,1. p999999_trade_value,41840.0,41840.0,O:OUST250620C00013000,OUST,C,13.0,2025-06-20,227,0,323,0.8,1748874922259000000,523,41840.0,2025-06-02,3000.0,30,True,Single Leg Auction Non ISO,Computer and Technology,Electronics - Miscellaneous Components,12.19,12.79,11.8692,12.79,1,4.621591675859218,20,1,1,0,0,0
OUST,Computer and Technology,Electronics - Miscellaneous Components,20__0,20,0.0,6. p95_trade_value,15554.0,29100.0,O:OUST250620C00022000,OUST,C,22.0,2025-06-20,227,0,323,0.67,1749651546669000000,250,16750.0,2025-06-11,3000.0,30,True,Single Leg Auction Non ISO,Computer and Technology,Electronics - Miscellaneous Components,18.22,20.8998,17.75,20.36,7,4.224014811372864,20,1,0,0,0,1
OUST,Computer and Technology,Electronics - Miscellaneous Components,20__0,20,0.0,6. p95_trade_value,15554.0,29100.0,O:OUST250620C00020000,OUST,C,20.0,2025-06-20,209,0,308,0.35,1749844796052000000,500,17500.0,2025-06-13,3000.0,30,True,Automatic Execution,Computer and Technology,Electronics - Miscellaneous Components,18.84,19.1484,17.6,18.07,6,4.243038048686294,20,1,1,0,0,0
PI,Computer and Technology,Electronics - Semiconductors,25__0,25,0.0,5. p99_trade_value,46250.0,57240.00000000001,O:PI241115P00185000,PI,P,185.0,2024-11-15,209,0,319,5.4,1729278943391000000,106,57240.00000000001,2024-10-18,3000.0,30,True,Automatic Execution,Computer and Technology,Electronics - Semiconductors,232.6,233.0,218.24,218.3,2,4.757699625087739,20,1,1,1,1,0
PI,Computer and Technology,Electronics - Semiconductors,25__0,25,0.0,1. p999999_trade_value,61020.00000000001,61020.00000000001,O:PI241115P00185000,PI,P,185.0,2024-11-15,209,0,320,5.4,1729278943391000000,113,61020.00000000001,2024-10-18,3000.0,30,True,Automatic Execution,Computer and Technology,Electronics - Semiconductors,232.6,233.0,218.24,218.3,1,4.785472203306388,20,1,1,1,1,0
PI,Computer and Technology,Electronics - Semiconductors,25__0,25,0.0,5. p99_trade_value,46250.0,57240.00000000001,O:PI241220P00155000,PI,P,155.0,2024-12-20,233,0,323,2.52,1733518780541000000,194,48888.0,2024-12-06,3000.0,30,True,Multi Leg Auction,Computer and Technology,Electronics - Semiconductors,175.85,178.045,163.61,165.25,4,4.68920227071177,20,1,1,1,1,0
PI,Computer and Technology,Electronics - Semiconductors,25__0,25,0.0,5. p99_trade_value,46250.0,57240.00000000001,O:PI241220P00155000,PI,P,155.0,2024-12-20,233,0,323,2.52,1733518780541000000,196,49392.0,2024-12-06,3000.0,30,True,Multi Leg Auction,Computer and Technology,Electronics - Semiconductors,175.85,178.045,163.61,165.25,3,4.69365661213802,20,1,1,1,1,0
PI,Computer and Technology,Electronics - Semiconductors,25__0,25,0.0,5. p99_trade_value,46250.0,57240.00000000001,O:PI250117P00140000,PI,P,140.0,2025-01-17,232,0,302,9.25,1734706620497000000,50,46250.0,2024-12-20,3000.0,30,True,Multi Leg auto-electronic trade,Computer and Technology,Electronics - Semiconductors,140.73,150.79,140.73,149.83,5,4.665111737075051,20,1,1,1,1,0
PLXS,Computer and Technology,Electronics - Manufacturing Services,5__0,5,0.0,2. p99999_trade_value,7589.999999999999,7589.999999999999,O:PLXS250516C00125000,PLXS,C,125.0,2025-05-16,227,0,323,5.06,1745337885122000000,15,7589.999999999999,2025-04-22,3000.0,30,True,Single Leg Auction Non ISO,Computer and Technology,Electronics - Manufacturing Services,122.48,124.32,121.35,124.11,1,3.88024177589548,20,1,1,1,1,0
QCOM,Computer and Technology,Electronics - Semiconductors,45__1,45,1.0,1. p999999_trade_value,675675.0,675675.0,O:QCOM241220C00165000,QCOM,C,165.0,2024-12-20,209,0,325,2.75,1732896275464000000,2457,675675.0,2024-11-29,3000.0,30,True,Automatic Execution,Computer and Technology,Electronics - Semiconductors,158.11,161.52,157.75,158.53,1,5.829737850310344,20,1,1,0,0,0
RELL,Computer and Technology,Electronics - Parts Distribution,0__2,0,2.0,1. p999999_trade_value,7000.0,7000.0,O:RELL250321P00012500,RELL,P,12.5,2025-03-21,209,0,304,0.35,1741284042972000000,200,7000.0,2025-03-06,3000.0,30,True,Automatic Execution,Computer and Technology,Electronics - Parts Distribution,12.88,12.94,12.66,12.74,1,3.845098040014257,20,1,1,1,1,0
RMBS,Computer and Technology,Electronics - Semiconductors,25__0,25,0.0,5. p99_trade_value,37840.0,60000.0,O:RMBS241018C00045000,RMBS,C,45.0,2024-10-18,227,0,301,1.2,1727375539227000000,500,60000.0,2024-09-26,3000.0,30,True,Single Leg Auction Non ISO,Computer and Technology,Electronics - Semiconductors,40.8,42.895,39.965,42.47,2,4.778151250383644,20,1,1,0,0,0
RMBS,Computer and Technology,Electronics - Semiconductors,25__0,25,0.0,6. p95_trade_value,19500.0,37275.0,O:RMBS241018C00045000,RMBS,C,45.0,2024-10-18,209,0,313,1.2,1727375577388000000,217,26039.999999999996,2024-09-26,3000.0,30,True,Automatic Execution,Computer and Technology,Electronics - Semiconductors,40.8,42.895,39.965,42.47,6,4.415640979896154,20,1,1,0,0,0
RMBS,Computer and Technology,Electronics - Semiconductors,25__0,25,0.0,6. p95_trade_value,19500.0,37275.0,O:RMBS241018C00045000,RMBS,C,45.0,2024-10-18,209,0,301,1.25,1727375712772000000,190,23750.0,2024-09-26,3000.0,30,True,Automatic Execution,Computer and Technology,Electronics - Semiconductors,40.8,42.895,39.965,42.47,9,4.375663613960885,20,1,1,0,0,0
RMBS,Computer and Technology,Electronics - Semiconductors,25__0,25,0.0,6. p95_trade_value,19500.0,37275.0,O:RMBS241018C00047500,RMBS,C,47.5,2024-10-18,209,0,316,0.75,1727380403122000000,497,37275.0,2024-09-26,3000.0,30,True,Automatic Execution,Computer and Technology,Electronics - Semiconductors,40.8,42.895,39.965,42.47,4,4.5714176521250325,20,1,0,0,0,1
RMBS,Computer and Technology,Electronics - Semiconductors,25__0,25,0.0,1. p999999_trade_value,149400.0,149400.0,O:RMBS241115C00045000,RMBS,C,45.0,2024-11-15,242,0,300,3.0,1730141930911000000,498,149400.0,2024-10-28,3000.0,30,True,Stock Options floor trade,Computer and Technology,Electronics - Semiconductors,43.59,44.87,43.5,44.8,1,5.17435059747938,20,1,1,1,1,0
RMBS,Computer and Technology,Electronics - Semiconductors,25__0,25,0.0,6. p95_trade_value,19500.0,37275.0,O:RMBS241115C00050000,RMBS,C,50.0,2024-11-15,209,0,320,1.5,1730738072006000000,130,19500.0,2024-11-04,3000.0,30,True,Automatic Execution,Computer and Technology,Electronics - Semiconductors,47.58,49.52,47.2,48.53,11,4.290034611362518,20,1,1,1,1,0
RMBS,Computer and Technology,Electronics - Semiconductors,25__0,25,0.0,6. p95_trade_value,19500.0,37275.0,O:RMBS250221P00055000,RMBS,P,55.0,2025-02-21,233,0,302,2.32,1738001292320000000,110,25520.0,2025-01-27,3000.0,30,True,Multi Leg Auction,Computer and Technology,Electronics - Semiconductors,59.78,60.21,56.84,57.96,7,4.406880670049125,20,1,0,0,0,1
RMBS,Computer and Technology,Electronics - Semiconductors,25__0,25,0.0,6. p95_trade_value,19500.0,37275.0,O:RMBS250221C00062500,RMBS,C,62.5,2025-02-21,209,0,308,3.0,1738615439388000000,90,27000.0,2025-02-03,3000.0,30,True,Automatic Execution,Computer and Technology,Electronics - Semiconductors,59.32,61.72,59.32,60.35,5,4.431363764158987,20,1,1,1,1,0
RMBS,Computer and Technology,Electronics - Semiconductors,25__0,25,0.0,6. p95_trade_value,19500.0,37275.0,O:RMBS250321P00060000,RMBS,P,60.0,2025-03-21,209,0,316,2.45,1740427973701000000,103,25235.000000000004,2025-02-24,3000.0,30,True,Automatic Execution,Computer and Technology,Electronics - Semiconductors,62.96,63.225,60.06,60.16,8,4.402003309069705,20,1,1,1,1,0
RMBS,Computer and Technology,Electronics - Semiconductors,25__0,25,0.0,6. p95_trade_value,19500.0,37275.0,O:RMBS250516C00055000,RMBS,C,55.0,2025-05-16,227,0,323,2.19,1745866860531000000,97,21243.0,2025-04-28,3000.0,30,True,Single Leg Auction Non ISO,Computer and Technology,Electronics - Semiconductors,50.9,52.65,50.61,52.22,10,4.327215849106363,20,1,1,1,1,0
RMBS,Computer and Technology,Electronics - Semiconductors,25__0,25,0.0,5. p99_trade_value,37840.0,60000.0,O:RMBS250516C00055000,RMBS,C,55.0,2025-05-16,209,0,308,2.2,1745869046351000000,172,37840.0,2025-04-28,3000.0,30,True,Automatic Execution,Computer and Technology,Electronics - Semiconductors,50.9,52.65,50.61,52.22,3,4.577951127729755,20,1,1,1,1,0
ROG,Computer and Technology,Electronics - Miscellaneous Components,10__0,10,0.0,7. p90_trade_value,40000.0,40000.0,O:ROG241115C00105000,ROG,C,105.0,2024-11-15,209,0,325,4.0,1729705007700000000,100,40000.0,2024-10-23,3000.0,30,True,Automatic Execution,Computer and Technology,Electronics - Miscellaneous Components,100.63,100.87,99.26,100.65,3,4.6020599913279625,20,3,1,0,0,0
ROG,Computer and Technology,Electronics - Miscellaneous Components,10__0,10,0.0,1. p999999_trade_value,48500.0,48500.0,O:ROG241115C00110000,ROG,C,110.0,2024-11-15,209,0,325,2.5,1729705533382000000,194,48500.0,2024-10-23,3000.0,30,True,Automatic Execution,Computer and Technology,Electronics - Miscellaneous Components,100.63,100.87,99.26,100.65,1,4.685741738602264,20,1,1,0,0,0
ROG,Computer and Technology,Electronics - Miscellaneous Components,10__0,10,0.0,7. p90_trade_value,40000.0,40000.0,O:ROG250516C00060000,ROG,C,60.0,2025-05-16,235,0,301,4.0,1745512412835000000,100,40000.0,2025-04-24,3000.0,30,True,Multi Leg floor trade,Computer and Technology,Electronics - Miscellaneous Components,55.11,57.14,54.75,57.05,2,4.6020599913279625,20,2,1,1,1,0
SANM,Computer and Technology,Electronics - Manufacturing Services,15__0,15,0.0,1. p999999_trade_value,23400.0,23400.0,O:SANM250516C00075000,SANM,C,75.0,2025-05-16,209,0,308,3.0,1745245767272000000,78,23400.0,2025-04-21,3000.0,30,True,Automatic Execution,Computer and Technology,Electronics - Manufacturing Services,73.94,74.53,71.8366,73.06,1,4.3692158574101425,20,1,1,1,1,0
TEL,Computer and Technology,Electronics - Miscellaneous Components,25__0,25,0.0,1. p999999_trade_value,61495.00000000001,61495.00000000001,O:TEL250620C00165000,TEL,C,165.0,2025-06-20,209,0,320,2.45,1747854444247000000,251,61495.00000000001,2025-05-21,3000.0,30,True,Automatic Execution,Computer and Technology,Electronics - Miscellaneous Components,161.25,162.72,159.4,159.51,1,4.788839805845571,20,1,1,0,0,0
TSEM,Computer and Technology,Electronics - Semiconductors,25__0,25,0.0,1. p999999_trade_value,487500.0,487500.0,O:TSEM250221P00045000,TSEM,P,45.0,2025-02-21,235,0,313,1.95,1738249986163000000,2500,487500.0,2025-01-30,3000.0,30,True,Multi Leg floor trade,Computer and Technology,Electronics - Semiconductors,46.62,48.86,46.08,48.68,1,5.687974620034556,20,1,1,1,0,0
TTMI,Computer and Technology,Electronics - Miscellaneous Components,0__2,0,2.0,1. p999999_trade_value,5070.0,5070.0,O:TTMI241115C00022500,TTMI,C,22.5,2024-11-15,209,0,302,0.3,1729866806067000000,169,5070.0,2024-10-25,3000.0,30,True,Automatic Execution,Computer and Technology,Electronics - Miscellaneous Components,19.38,19.85,19.36,19.6,1,3.705007959333336,20,1,1,1,1,0
UMC,Computer and Technology,Electronics - Semiconductors,15__0,15,0.0,6. p95_trade_value,45000.0,45000.0,O:UMC250516C00007000,UMC,C,7.0,2025-05-16,241,0,323,0.15,1744919899654000000,3000,45000.0,2025-04-17,3000.0,30,True,Stock Options Cross,Computer and Technology,Electronics - Semiconductors,6.9,6.905,6.77,6.81,2,4.653212513775344,20,1,1,1,1,0
UMC,Computer and Technology,Electronics - Semiconductors,15__0,15,0.0,1. p999999_trade_value,125000.0,125000.0,O:UMC250516C00007000,UMC,C,7.0,2025-05-16,234,0,300,0.25,1744919894366000000,5000,125000.0,2025-04-17,3000.0,30,True,Multi Leg Cross,Computer and Technology,Electronics - Semiconductors,6.9,6.905,6.77,6.81,1,5.096910013008056,20,1,1,1,1,0
VECO,Computer and Technology,Electronics - Manufacturing Machinery,15__0,15,0.0,1. p999999_trade_value,42840.0,42840.0,O:VECO250221P00024000,VECO,P,24.0,2025-02-21,209,0,313,0.9,1738940102807000000,476,42840.0,2025-02-07,3000.0,30,True,Automatic Execution,Computer and Technology,Electronics - Manufacturing Machinery,25.33,25.43,24.28,24.38,1,4.631849462159818,20,1,1,0,0,0
VECO,Computer and Technology,Electronics - Manufacturing Machinery,15__0,15,0.0,6. p95_trade_value,34300.0,34300.0,O:VECO250221C00025000,VECO,C,25.0,2025-02-21,209,0,313,0.7,1739372568219000000,490,34300.0,2025-02-12,3000.0,30,True,Automatic Execution,Computer and Technology,Electronics - Manufacturing Machinery,23.16,24.0,23.0,23.645,2,4.535294120042771,20,1,1,1,0,0
VECO,Computer and Technology,Electronics - Manufacturing Machinery,15__0,15,0.0,7. p90_trade_value,32500.0,32500.0,O:VECO250221C00025000,VECO,C,25.0,2025-02-21,209,0,313,0.65,1739380071561000000,500,32500.0,2025-02-12,3000.0,30,True,Automatic Execution,Computer and Technology,Electronics - Manufacturing Machinery,23.16,24.0,23.0,23.645,3,4.511883360978874,20,2,1,1,0,0
VICR,Computer and Technology,Electronics - Miscellaneous Components,25__0,25,0.0,1. p999999_trade_value,250000.0,250000.0,O:VICR241115C00050000,VICR,C,50.0,2024-11-15,241,0,323,1.0,1729182270971000000,2500,250000.0,2024-10-17,3000.0,30,True,Stock Options Cross,Computer and Technology,Electronics - Miscellaneous Components,40.29,41.44,39.99,41.15,1,5.3979400086720375,20,1,1,1,1,0
WCC,Computer and Technology,Electronics - Parts Distribution,25__0,25,0.0,5. p99_trade_value,113600.0,532999.9999999999,O:WCC240920C00170000,WCC,C,170.0,2024-09-20,235,0,313,2.4,1724945358846000000,475,114000.0,2024-08-29,3000.0,30,True,Multi Leg floor trade,Computer and Technology,Electronics - Parts Distribution,165.12,165.12,161.54,162.83,5,5.056904851336473,20,1,1,0,0,0
WCC,Computer and Technology,Electronics - Parts Distribution,25__0,25,0.0,5. p99_trade_value,113600.0,532999.9999999999,O:WCC241115C00185000,WCC,C,185.0,2024-11-15,242,0,323,8.2,1730218576332000000,650,532999.9999999999,2024-10-29,3000.0,30,True,Stock Options floor trade,Computer and Technology,Electronics - Parts Distribution,176.79,179.52,175.56,177.82,2,5.726727209026572,20,1,1,1,1,0
WCC,Computer and Technology,Electronics - Parts Distribution,25__0,25,0.0,1. p999999_trade_value,602000.0,602000.0,O:WCC250221C00200000,WCC,C,200.0,2025-02-21,231,0,323,8.6,1738266883816000000,700,602000.0,2025-01-30,3000.0,30,True,Single Leg Floor Trade,Computer and Technology,Electronics - Parts Distribution,188.02,190.1,187.06,189.39,1,5.779596491257824,20,1,1,0,0,0
WCC,Computer and Technology,Electronics - Parts Distribution,25__0,25,0.0,5. p99_trade_value,113600.0,532999.9999999999,O:WCC250321C00180000,WCC,C,180.0,2025-03-21,235,0,301,5.65,1740513289576000000,800,452000.0,2025-02-25,3000.0,30,True,Multi Leg floor trade,Computer and Technology,Electronics - Parts Distribution,177.8,179.19,172.7601,174.69,3,5.6551384348113825,20,1,1,0,0,0
WCC,Computer and Technology,Electronics - Parts Distribution,25__0,25,0.0,5. p99_trade_value,113600.0,532999.9999999999,O:WCC250321C00195000,WCC,C,195.0,2025-03-21,235,0,301,1.42,1740513289576000000,800,113600.0,2025-02-25,3000.0,30,True,Multi Leg floor trade,Computer and Technology,Electronics - Parts Distribution,177.8,179.19,172.7601,174.69,6,5.0553783313750005,20,1,0,0,0,1
WCC,Computer and Technology,Electronics - Parts Distribution,25__0,25,0.0,5. p99_trade_value,113600.0,532999.9999999999,O:WCC250516C00165000,WCC,C,165.0,2025-05-16,235,0,313,5.79,1746021926240000000,560,324240.0,2025-04-30,3000.0,30,True,Multi Leg floor trade,Computer and Technology,Electronics - Parts Distribution,158.21,163.42,155.76,162.96,4,5.510866590733636,20,1,1,1,1,0
