version https://git-lfs.github.com/spec/v1
oid sha256:251fbfd4f09775a2f6bd7e4bf723a6bde84e519155d4ad22c5444fc98737c723
size 339
